theta 	 tau 	 mag_planar (x-dirn) 	 error	 mag_perp (z-dirn) 	 error
  0.00     -0.0002370      0.0206639      0.0004230      0.0002370      0.0004249
  0.03      0.0008819      0.0210969      0.0004257     -0.0002193      0.0004240
  0.06      0.0013137      0.0208003      0.0004249     -0.0000076      0.0004304
  0.09      0.0007032      0.0208612      0.0004207      0.0012656      0.0004177
  0.13      0.0000523      0.0206334      0.0004235      0.0025539      0.0004233
  0.16      0.0002045      0.0215613      0.0004257      0.0032080      0.0004311
  0.19     -0.0001279      0.0210029      0.0004324      0.0041368      0.0004178
  0.22      0.0003326      0.0215513      0.0004219      0.0044765      0.0004241
  0.25      0.0017207      0.0218926      0.0004271      0.0038446      0.0004296
  0.28      0.0002691      0.0202164      0.0004232      0.0055932      0.0004184
  0.31      0.0008267      0.0209950      0.0004253      0.0059524      0.0004185
  0.35      0.0008039      0.0209343      0.0004240      0.0066824      0.0004297
  0.38     -0.0002771      0.0194302      0.0004244      0.0079909      0.0004269
  0.41      0.0001191      0.0201502      0.0004263      0.0085900      0.0004251
  0.44      0.0013368      0.0194814      0.0004269      0.0076898      0.0004277
  0.47      0.0010042      0.0187435      0.0004267      0.0084232      0.0004257
  0.50      0.0010592      0.0182445      0.0004296      0.0088212      0.0004209
  0.53      0.0018133      0.0187430      0.0004204      0.0089780      0.0004212
  0.57      0.0004909      0.0178332      0.0004248      0.0107359      0.0004283
  0.60      0.0004955      0.0171088      0.0004268      0.0110280      0.0004272
  0.63      0.0011736      0.0183307      0.0004264      0.0118675      0.0004267
  0.66      0.0005473      0.0174335      0.0004165      0.0128301      0.0004304
  0.69     -0.0004090      0.0160699      0.0004273      0.0138250      0.0004221
  0.72     -0.0003392      0.0160377      0.0004333      0.0145914      0.0004230
  0.75     -0.0007765      0.0139603      0.0004247      0.0141748      0.0004192
  0.79      0.0009252      0.0156343      0.0004196      0.0143259      0.0004248
  0.82      0.0010467      0.0153002      0.0004206      0.0147641      0.0004246
  0.85     -0.0001625      0.0143099      0.0004196      0.0164771      0.0004193
  0.88     -0.0002738      0.0137980      0.0004277      0.0171084      0.0004238
  0.91      0.0008295      0.0128405      0.0004201      0.0152004      0.0004318
  0.94      0.0000981      0.0115542      0.0004223      0.0157360      0.0004235
  0.97     -0.0002940      0.0120461      0.0004260      0.0182484      0.0004296
  1.01     -0.0017962      0.0094322      0.0004181      0.0182150      0.0004224
  1.04     -0.0004717      0.0099774      0.0004206      0.0177976      0.0004256
  1.07     -0.0025658      0.0081268      0.0004249      0.0201085      0.0004251
  1.10     -0.0002162      0.0091431      0.0004168      0.0184208      0.0004262
  1.13     -0.0001892      0.0087131      0.0004227      0.0189606      0.0004198
  1.16     -0.0003354      0.0080660      0.0004233      0.0194841      0.0004235
  1.19     -0.0005264      0.0069509      0.0004281      0.0189860      0.0004260
  1.23      0.0000850      0.0069817      0.0004215      0.0191416      0.0004286
  1.26     -0.0000219      0.0064102      0.0004255      0.0197995      0.0004310
  1.29      0.0003601      0.0063098      0.0004284      0.0204277      0.0004181
  1.32     -0.0000886      0.0048310      0.0004199      0.0191719      0.0004192
  1.35      0.0008261      0.0053769      0.0004218      0.0202681      0.0004208
  1.38     -0.0000299      0.0040707      0.0004234      0.0214993      0.0004218
  1.41      0.0002653      0.0035699      0.0004257      0.0208441      0.0004205
  1.45      0.0008077      0.0035545      0.0004201      0.0216926      0.0004230
  1.48      0.0001781      0.0022771      0.0004233      0.0221966      0.0004207
  1.51     -0.0009095      0.0004802      0.0004158      0.0221162      0.0004282
  1.54     -0.0001896      0.0004949      0.0004194      0.0217842      0.0004256
  1.57      0.0007368      0.0007368      0.0004229      0.0202604      0.0004268
  1.60     -0.0018851     -0.0025567      0.0004195      0.0213407      0.0004240
  1.63     -0.0001624     -0.0015640      0.0004225      0.0222729      0.0004295
  1.67      0.0002134     -0.0018059      0.0004247      0.0213724      0.0004288
  1.70      0.0012094     -0.0014625      0.0004286      0.0212266      0.0004224
  1.73     -0.0005194     -0.0039575      0.0004250      0.0216661      0.0004278
  1.76     -0.0005521     -0.0046262      0.0004263      0.0213051      0.0004208
  1.79      0.0009002     -0.0037125      0.0004287      0.0207352      0.0004213
  1.82     -0.0003364     -0.0053523      0.0004226      0.0194934      0.0004206
  1.85      0.0000889     -0.0057721      0.0004249      0.0201864      0.0004301
  1.88     -0.0006712     -0.0074322      0.0004204      0.0207017      0.0004263
  1.92      0.0004927     -0.0065980      0.0004224      0.0197810      0.0004228
  1.95      0.0004634     -0.0071848      0.0004276      0.0194055      0.0004288
  1.98      0.0000561     -0.0081094      0.0004264      0.0188810      0.0004267
  2.01      0.0013456     -0.0083024      0.0004185      0.0208038      0.0004256
  2.04     -0.0008692     -0.0103127      0.0004218      0.0183254      0.0004210
  2.07      0.0009679     -0.0095372      0.0004231      0.0193572      0.0004185
  2.10     -0.0005498     -0.0117462      0.0004255      0.0187816      0.0004199
  2.14     -0.0000618     -0.0117233      0.0004279      0.0183576      0.0004229
  2.17      0.0002012     -0.0121349      0.0004236      0.0182139      0.0004247
  2.20     -0.0003192     -0.0124236      0.0004253      0.0165566      0.0004190
  2.23     -0.0004933     -0.0130363      0.0004245      0.0160014      0.0004195
  2.26     -0.0007836     -0.0146670      0.0004315      0.0165000      0.0004258
  2.29      0.0007334     -0.0140701      0.0004270      0.0170683      0.0004190
  2.32      0.0005080     -0.0144705      0.0004237      0.0161516      0.0004233
  2.36     -0.0005395     -0.0157724      0.0004243      0.0150095      0.0004250
  2.39      0.0016091     -0.0146611      0.0004268      0.0159750      0.0004211
  2.42     -0.0010138     -0.0173201      0.0004251      0.0139182      0.0004266
  2.45      0.0005835     -0.0165427      0.0004225      0.0144426      0.0004231
  2.48      0.0007226     -0.0172282      0.0004235      0.0142781      0.0004288
  2.51      0.0003323     -0.0168536      0.0004337      0.0126556      0.0004238
  2.54     -0.0002695     -0.0184584      0.0004220      0.0122185      0.0004250
  2.58     -0.0004255     -0.0192696      0.0004263      0.0117249      0.0004259
  2.61     -0.0001988     -0.0192103      0.0004240      0.0111300      0.0004204
  2.64     -0.0005430     -0.0183671      0.0004324      0.0094778      0.0004174
  2.67      0.0000259     -0.0197270      0.0004242      0.0100804      0.0004278
  2.70     -0.0007302     -0.0190293      0.0004187      0.0081475      0.0004181
  2.73      0.0010608     -0.0184392      0.0004276      0.0091352      0.0004184
  2.76      0.0004330     -0.0200106      0.0004262      0.0083884      0.0004230
  2.80     -0.0007587     -0.0219704      0.0004247      0.0071035      0.0004219
  2.83     -0.0003097     -0.0206254      0.0004181      0.0063759      0.0004192
  2.86      0.0008860     -0.0211745      0.0004244      0.0070744      0.0004188
  2.89      0.0011039     -0.0203970      0.0004203      0.0063768      0.0004267
  2.92     -0.0000104     -0.0205541      0.0004237      0.0045837      0.0004220
  2.95      0.0003647     -0.0212216      0.0004296      0.0044195      0.0004228
  2.98      0.0001714     -0.0213731      0.0004225      0.0035587      0.0004263
  3.02      0.0007707     -0.0200931      0.0004208      0.0033152      0.0004327
  3.05      0.0004431     -0.0221870      0.0004223      0.0025424      0.0004212
  3.08      0.0009020     -0.0203259      0.0004181      0.0021826      0.0004226
  3.11      0.0008692     -0.0206229      0.0004244      0.0015177      0.0004229
  3.14      0.0014795     -0.0214013      0.0004303      0.0014795      0.0004260
