site number 	 x-coord 	 y-cord 	 sx 	 sy 	 sy
  1   0.8660254  -0.5000000   0.8964165  -0.4418206   0.0351007
  2   0.8660254  -1.5000000   0.7694192  -0.6093654  -0.1914885
  3   2.5980762  -0.5000000   0.8574774  -0.5117258   0.0535650
  4   2.5980762  -1.5000000   0.8234440  -0.5471455  -0.1502394
  5   4.3301270  -0.5000000   0.8475463  -0.5212600   0.0997663
  6   4.3301270  -1.5000000   0.8847708  -0.4479351  -0.1285878
  7   6.0621778  -0.5000000   0.8237237  -0.5593300  -0.0928936
  8   6.0621778  -1.5000000   0.8541945  -0.5052018  -0.1229754
  9   7.7942286  -0.5000000   0.8072890  -0.5646296  -0.1716913
 10   7.7942286  -1.5000000   0.8504649  -0.5002665  -0.1626125
 11   9.5262794  -0.5000000   0.8044641  -0.5278432   0.2724318
 12   9.5262794  -1.5000000   0.8582329  -0.5092525   0.0640180
 13  11.2583302  -0.5000000   0.8354595  -0.5453842  -0.0675546
 14  11.2583302  -1.5000000   0.8006791  -0.5945120  -0.0739494
 15  12.9903811  -0.5000000   0.7933334  -0.6038160   0.0776425
 16  12.9903811  -1.5000000   0.8196027  -0.5658784   0.0896275
 17  14.7224319  -0.5000000   0.8372442  -0.5435708   0.0596067
 18  14.7224319  -1.5000000   0.9139079  -0.3983402   0.0780860
 19  16.4544827  -0.5000000   0.8990216  -0.4376154  -0.0159028
 20  -0.8660254  -1.5000000   0.7874433  -0.6093053  -0.0931672
 21  -0.0000000  -2.0000000   0.7867829  -0.6132588   0.0699023
 22  -0.0000000  -3.0000000   0.8316949  -0.5538740   0.0388229
 23   1.7320508  -2.0000000   0.7837926  -0.6143289  -0.0909347
 24   1.7320508  -3.0000000   0.8628243  -0.5002230  -0.0728773
 25   3.4641016  -2.0000000   0.8781998  -0.4676477  -0.1003536
 26   3.4641016  -3.0000000   0.8377898  -0.5166200  -0.1766692
 27   5.1961524  -2.0000000   0.8405178  -0.5415374  -0.0163401
 28   5.1961524  -3.0000000   0.7868134  -0.6152686  -0.0486741
 29   6.9282032  -2.0000000   0.8311604  -0.5497042  -0.0836523
 30   6.9282032  -3.0000000   0.8014465  -0.5763798  -0.1595929
 31   8.6602540  -2.0000000   0.7787106  -0.6270711  -0.0197881
 32   8.6602540  -3.0000000   0.8494752  -0.5268319   0.0289822
 33  10.3923048  -2.0000000   0.8265367  -0.5622875   0.0258829
 34  10.3923048  -3.0000000   0.8833498  -0.4684567   0.0155377
 35  12.1243557  -2.0000000   0.8419188  -0.5328923  -0.0848441
 36  12.1243557  -3.0000000   0.8858000  -0.3850508  -0.2590254
 37  13.8564065  -2.0000000   0.8703917  -0.4913367  -0.0317272
 38  13.8564065  -3.0000000   0.9060974  -0.3684421  -0.2079373
 39  15.5884573  -2.0000000   0.6939520  -0.7195137   0.0270314
 40  -1.7320508  -3.0000000   0.7361871  -0.6716257  -0.0833517
 41  -0.8660254  -3.5000000   0.8087340  -0.5877721  -0.0217555
 42  -0.8660254  -4.5000000   0.8383697  -0.5448902   0.0151956
 43   0.8660254  -3.5000000   0.7917949  -0.6028558   0.0981102
 44   0.8660254  -4.5000000   0.8228987  -0.5681550  -0.0061376
 45   2.5980762  -3.5000000   0.7917409  -0.5654022  -0.2312286
 46   2.5980762  -4.5000000   0.8678595  -0.4770319  -0.1387818
 47   4.3301270  -3.5000000   0.8197429  -0.5603450  -0.1184701
 48   4.3301270  -4.5000000   0.8582965  -0.5038722  -0.0971591
 49   6.0621778  -3.5000000   0.8347219  -0.5468678   0.0646132
 50   6.0621778  -4.5000000   0.7460692  -0.6602279  -0.0864857
 51   7.7942286  -3.5000000   0.8812856  -0.4311111  -0.1935947
 52   7.7942286  -4.5000000   0.8136386  -0.5640319  -0.1409260
 53   9.5262794  -3.5000000   0.8846354  -0.4635152  -0.0507331
 54   9.5262794  -4.5000000   0.8780662  -0.4782076  -0.0178097
 55  11.2583302  -3.5000000   0.8438193  -0.5354458  -0.0355907
 56  11.2583302  -4.5000000   0.8767119  -0.4800055   0.0311609
 57  12.9903811  -3.5000000   0.8423728  -0.5239157  -0.1261759
 58  12.9903811  -4.5000000   0.8729702  -0.4760245  -0.1064128
 59  14.7224319  -3.5000000   0.8108565  -0.5844874  -0.0297709
 60  -2.5980762  -4.5000000   0.8658599  -0.4995475   0.0271839
 61  -1.7320508  -5.0000000   0.8422817  -0.5376817  -0.0382090
 62  -1.7320508  -6.0000000   0.7632437  -0.6452149  -0.0340121
 63  -0.0000000  -5.0000000   0.8449530  -0.5345565  -0.0174291
 64  -0.0000000  -6.0000000   0.8732776  -0.4219160  -0.2436659
 65   1.7320508  -5.0000000   0.8174251  -0.5725213  -0.0635268
 66   1.7320508  -6.0000000   0.8209562  -0.5012682  -0.2734246
 67   3.4641016  -5.0000000   0.8211235  -0.5706191   0.0122465
 68   3.4641016  -6.0000000   0.8256825  -0.5326195  -0.1859163
 69   5.1961524  -5.0000000   0.8172344  -0.5733264   0.0585213
 70   5.1961524  -6.0000000   0.8268962  -0.5600645  -0.0507000
 71   6.9282032  -5.0000000   0.7489859  -0.6614214  -0.0392662
 72   6.9282032  -6.0000000   0.8755024  -0.4810356  -0.0458298
 73   8.6602540  -5.0000000   0.8613582  -0.5031034   0.0703492
 74   8.6602540  -6.0000000   0.8384327  -0.5444213   0.0252220
 75  10.3923048  -5.0000000   0.8187597  -0.5722657  -0.0463089
 76  10.3923048  -6.0000000   0.8848256  -0.4513565  -0.1155899
 77  12.1243557  -5.0000000   0.8197436  -0.5604600  -0.1179196
 78  12.1243557  -6.0000000   0.8312606  -0.5193924  -0.1980842
 79  13.8564065  -5.0000000   0.7920456  -0.5858468  -0.1716019
 80  -3.4641016  -6.0000000   0.7981438  -0.6019787  -0.0242492
 81  -2.5980762  -6.5000000   0.8216222  -0.5627632   0.0907444
 82  -2.5980762  -7.5000000   0.8235912  -0.5632734   0.0664875
 83  -0.8660254  -6.5000000   0.8392147  -0.5411792  -0.0533265
 84  -0.8660254  -7.5000000   0.8760556  -0.4741440  -0.0878296
 85   0.8660254  -6.5000000   0.8078067  -0.5847894  -0.0739571
 86   0.8660254  -7.5000000   0.8189318  -0.5717293  -0.0497621
 87   2.5980762  -6.5000000   0.8202313  -0.5454964  -0.1722045
 88   2.5980762  -7.5000000   0.8108704  -0.5833727   0.0465353
 89   4.3301270  -6.5000000   0.7854621  -0.6185186   0.0219996
 90   4.3301270  -7.5000000   0.7343382  -0.6761818   0.0593767
 91   6.0621778  -6.5000000   0.7948593  -0.6033937  -0.0641469
 92   6.0621778  -7.5000000   0.7994852  -0.5884281  -0.1207300
 93   7.7942286  -6.5000000   0.8441600  -0.5360912  -0.0004039
 94   7.7942286  -7.5000000   0.8151486  -0.5787458  -0.0242094
 95   9.5262794  -6.5000000   0.7705895  -0.6340898  -0.0642024
 96   9.5262794  -7.5000000   0.8105516  -0.5848814  -0.0303298
 97  11.2583302  -6.5000000   0.8077107  -0.5774242  -0.1190995
 98  11.2583302  -7.5000000   0.8506596  -0.5257110  -0.0025108
 99  12.9903811  -6.5000000   0.7198515  -0.6938581  -0.0193588
100  -4.3301270  -7.5000000   0.7888278  -0.6025663  -0.1210977
101  -3.4641016  -8.0000000   0.7662443  -0.6367211  -0.0863479
102  -3.4641016  -9.0000000   0.7883370  -0.6138639   0.0411808
103  -1.7320508  -8.0000000   0.8354518  -0.5405687   0.0990245
104  -1.7320508  -9.0000000   0.8815972  -0.4390041  -0.1733833
105  -0.0000000  -8.0000000   0.8267605  -0.5621761  -0.0206200
106  -0.0000000  -9.0000000   0.7964854  -0.5936737   0.1147279
107   1.7320508  -8.0000000   0.7565440  -0.6531840  -0.0314937
108   1.7320508  -9.0000000   0.7701705  -0.6375669  -0.0185997
109   3.4641016  -8.0000000   0.7721592  -0.6354272   0.0015478
110   3.4641016  -9.0000000   0.8103797  -0.5855542  -0.0202737
111   5.1961524  -8.0000000   0.8892386  -0.4545297   0.0515500
112   5.1961524  -9.0000000   0.8826062  -0.4524997  -0.1274765
113   6.9282032  -8.0000000   0.8056062  -0.5893974  -0.0600777
114   6.9282032  -9.0000000   0.7957663  -0.6024383   0.0618391
115   8.6602540  -8.0000000   0.8227506  -0.5669573   0.0405075
116   8.6602540  -9.0000000   0.8187875  -0.5709603  -0.0599281
117  10.3923048  -8.0000000   0.8360756  -0.5387124   0.1037618
118  10.3923048  -9.0000000   0.8540460  -0.5185950  -0.0408003
119  12.1243557  -8.0000000   0.8724492  -0.4729950   0.1229146
120  -5.1961524  -9.0000000   0.7742427  -0.6328478  -0.0072068
121  -4.3301270  -9.5000000   0.7761198  -0.6291932  -0.0418815
122  -4.3301270 -10.5000000   0.8412944  -0.5389736   0.0416079
123  -2.5980762  -9.5000000   0.8829294  -0.4661937   0.0556702
124  -2.5980762 -10.5000000   0.8405300  -0.5389220   0.0554293
125  -0.8660254  -9.5000000   0.8145843  -0.5798259  -0.0159462
126  -0.8660254 -10.5000000   0.7759706  -0.6305037  -0.0182953
127   0.8660254  -9.5000000   0.7946351  -0.6024370   0.0749985
128   0.8660254 -10.5000000   0.8864653  -0.4588634  -0.0601968
129   2.5980762  -9.5000000   0.8725106  -0.4819909   0.0800624
130   2.5980762 -10.5000000   0.8392052  -0.5403891   0.0609449
131   4.3301270  -9.5000000   0.8902298  -0.4555051   0.0024390
132   4.3301270 -10.5000000   0.8581942  -0.5102037  -0.0565236
133   6.0621778  -9.5000000   0.7585602  -0.6402179  -0.1212744
134   6.0621778 -10.5000000   0.6995866  -0.7023650  -0.1313849
135   7.7942286  -9.5000000   0.8296300  -0.5542281   0.0674187
136   7.7942286 -10.5000000   0.8570601  -0.5152165   0.0000821
137   9.5262794  -9.5000000   0.8330460  -0.5531127   0.0100339
138   9.5262794 -10.5000000   0.7599377  -0.6442020  -0.0865935
139  11.2583302  -9.5000000   0.7867959  -0.6169989  -0.0162673
140  -6.0621778 -10.5000000   0.8660087  -0.4953598  -0.0681737
141  -5.1961524 -11.0000000   0.8462331  -0.5321771   0.0260225
142  -5.1961524 -12.0000000   0.7934293  -0.6068885  -0.0464363
143  -3.4641016 -11.0000000   0.8697195  -0.4898392  -0.0603790
144  -3.4641016 -12.0000000   0.8023174  -0.5958985  -0.0345202
145  -1.7320508 -11.0000000   0.8420656  -0.5379710  -0.0388936
146  -1.7320508 -12.0000000   0.8763433  -0.4392280  -0.1977403
147  -0.0000000 -11.0000000   0.9015995  -0.4200540  -0.1033101
148  -0.0000000 -12.0000000   0.9221950  -0.3814348   0.0637490
149   1.7320508 -11.0000000   0.7953747  -0.5982575   0.0972987
150   1.7320508 -12.0000000   0.7342083  -0.6782790  -0.0295931
151   3.4641016 -11.0000000   0.8585675  -0.5057735   0.0839945
152   3.4641016 -12.0000000   0.8566256  -0.5156898   0.0160185
153   5.1961524 -11.0000000   0.7667854  -0.6407986   0.0376459
154   5.1961524 -12.0000000   0.8039144  -0.5930107   0.0453856
155   6.9282032 -11.0000000   0.8587110  -0.5075046   0.0710953
156   6.9282032 -12.0000000   0.8222393  -0.5688253   0.0189824
157   8.6602540 -11.0000000   0.8042827  -0.5908105  -0.0638154
158   8.6602540 -12.0000000   0.7648775  -0.6433679   0.0322523
159  10.3923048 -11.0000000   0.8591230  -0.5110514   0.0270964
160  -6.9282032 -12.0000000   0.8708682  -0.4879229  -0.0593287
161  -6.0621778 -12.5000000   0.8097808  -0.5746756  -0.1183343
162  -6.0621778 -13.5000000   0.8110678  -0.5823656  -0.0549488
163  -4.3301270 -12.5000000   0.8233900  -0.5315081   0.1988167
164  -4.3301270 -13.5000000   0.7954168  -0.6051261  -0.0336823
165  -2.5980762 -12.5000000   0.9035186  -0.4281987  -0.0173225
166  -2.5980762 -13.5000000   0.8439805  -0.5354799   0.0309548
167  -0.8660254 -12.5000000   0.8264478  -0.5611376   0.0459188
168  -0.8660254 -13.5000000   0.7743357  -0.6324353  -0.0207334
169   0.8660254 -12.5000000   0.7070752  -0.6965475   0.1219272
170   0.8660254 -13.5000000   0.7785197  -0.6228130  -0.0775307
171   2.5980762 -12.5000000   0.8185553  -0.5636513   0.1107447
172   2.5980762 -13.5000000   0.7950357  -0.6040885  -0.0547294
173   4.3301270 -12.5000000   0.8923067  -0.4512694   0.0120271
174   4.3301270 -13.5000000   0.8190500  -0.5644583  -0.1026835
175   6.0621778 -12.5000000   0.8512999  -0.5183470  -0.0812708
176   6.0621778 -13.5000000   0.7920540  -0.6101337  -0.0196818
177   7.7942286 -12.5000000   0.7546528  -0.6496028   0.0922785
178   7.7942286 -13.5000000   0.8307365  -0.5540387   0.0540177
179   9.5262794 -12.5000000   0.8001409  -0.5943054   0.0810905
180  -7.7942286 -13.5000000   0.7966795  -0.6019677  -0.0541920
181  -6.9282032 -14.0000000   0.7920568  -0.6016683   0.1031568
182  -6.9282032 -15.0000000   0.8646708  -0.5021912  -0.0121778
183  -5.1961524 -14.0000000   0.8949106  -0.4379970   0.0854031
184  -5.1961524 -15.0000000   0.8210771  -0.5475823   0.1612019
185  -3.4641016 -14.0000000   0.7290943  -0.6805550   0.0725700
186  -3.4641016 -15.0000000   0.8426879  -0.5377189   0.0271202
187  -1.7320508 -14.0000000   0.7726753  -0.6223796   0.1249661
188  -1.7320508 -15.0000000   0.7777843  -0.6195796   0.1057008
189  -0.0000000 -14.0000000   0.7807085  -0.6229443   0.0493414
190  -0.0000000 -15.0000000   0.8042124  -0.5814785   0.1229845
191   1.7320508 -14.0000000   0.8634454  -0.4992463   0.0722155
192   1.7320508 -15.0000000   0.8365482  -0.5425983  -0.0759878
193   3.4641016 -14.0000000   0.8351674  -0.5277383  -0.1548795
194   3.4641016 -15.0000000   0.8522198  -0.4968794  -0.1638054
195   5.1961524 -14.0000000   0.8389589  -0.5441705  -0.0051407
196   5.1961524 -15.0000000   0.7830836  -0.6128658   0.1057146
197   6.9282032 -14.0000000   0.8494258  -0.5180479  -0.1005098
198   6.9282032 -15.0000000   0.7774070  -0.6187332  -0.1131707
199   8.6602540 -14.0000000   0.8545763  -0.5177445   0.0404966
200  -8.6602540 -15.0000000   0.8454081  -0.5338025  -0.0184401
