site number 	 x-coord 	 y-cord 	 sx 	 sy 	 sy
  1   0.8660254  -0.5000000  -0.5595555   0.8264096   0.0628082
  2   0.8660254  -1.5000000  -0.4475166   0.8937762  -0.0298818
  3   2.5980762  -0.5000000  -0.4256003   0.9042068  -0.0356996
  4   2.5980762  -1.5000000  -0.3833095   0.9019545  -0.1988767
  5   4.3301270  -0.5000000  -0.3902670   0.9170970  -0.0813927
  6   4.3301270  -1.5000000  -0.3552117   0.9232101  -0.1466553
  7   6.0621778  -0.5000000  -0.5395539   0.8398176  -0.0599001
  8   6.0621778  -1.5000000  -0.5521315   0.8319199  -0.0553183
  9   7.7942286  -0.5000000  -0.3900896   0.9207760  -0.0013035
 10   7.7942286  -1.5000000  -0.3396301   0.9389261   0.0554001
 11   9.5262794  -0.5000000  -0.2883734   0.9571487  -0.0265922
 12   9.5262794  -1.5000000  -0.3652965   0.9297675  -0.0457264
 13  11.2583302  -0.5000000  -0.4233810   0.8954950  -0.1372485
 14  11.2583302  -1.5000000  -0.4099770   0.9048326  -0.1148774
 15  12.9903811  -0.5000000  -0.3897494   0.9194165   0.0526180
 16  12.9903811  -1.5000000  -0.4013527   0.9101407  -0.1027618
 17  14.7224319  -0.5000000  -0.2981824   0.9516946   0.0732444
 18  14.7224319  -1.5000000  -0.4524038   0.8916007  -0.0194670
 19  16.4544827  -0.5000000  -0.3980911   0.9060284  -0.1436521
 20  -0.8660254  -1.5000000  -0.5631454   0.8170876  -0.1234308
 21  -0.0000000  -2.0000000  -0.3955164   0.9100711   0.1238445
 22  -0.0000000  -3.0000000  -0.3895968   0.9162671   0.0931076
 23   1.7320508  -2.0000000  -0.3595660   0.9303056  -0.0724138
 24   1.7320508  -3.0000000  -0.3908502   0.9186602  -0.0574409
 25   3.4641016  -2.0000000  -0.3917197   0.9200580  -0.0070023
 26   3.4641016  -3.0000000  -0.4582035   0.8584924  -0.2303049
 27   5.1961524  -2.0000000  -0.4955916   0.8670460   0.0511889
 28   5.1961524  -3.0000000  -0.4610207   0.8845078  -0.0714561
 29   6.9282032  -2.0000000  -0.4439077   0.8953280  -0.0365210
 30   6.9282032  -3.0000000  -0.4800499   0.8740347   0.0749364
 31   8.6602540  -2.0000000  -0.4107150   0.9117228   0.0086406
 32   8.6602540  -3.0000000  -0.4222776   0.9044002  -0.0611706
 33  10.3923048  -2.0000000  -0.4536094   0.8911094  -0.0127486
 34  10.3923048  -3.0000000  -0.4393771   0.8982836   0.0058605
 35  12.1243557  -2.0000000  -0.3209910   0.9172895  -0.2356795
 36  12.1243557  -3.0000000  -0.4828726   0.8512849  -0.2052998
 37  13.8564065  -2.0000000  -0.5415717   0.8338231  -0.1069535
 38  13.8564065  -3.0000000  -0.5439124   0.8391142  -0.0068319
 39  15.5884573  -2.0000000  -0.4679378   0.8825597   0.0460724
 40  -1.7320508  -3.0000000  -0.4386144   0.8976742   0.0424077
 41  -0.8660254  -3.5000000  -0.4358442   0.9000144   0.0037189
 42  -0.8660254  -4.5000000  -0.4727684   0.8797524  -0.0502567
 43   0.8660254  -3.5000000  -0.4164405   0.9051628   0.0851917
 44   0.8660254  -4.5000000  -0.5827928   0.8103964   0.0600849
 45   2.5980762  -3.5000000  -0.4600198   0.8804518   0.1148322
 46   2.5980762  -4.5000000  -0.4849662   0.8745318   0.0013733
 47   4.3301270  -3.5000000  -0.4886729   0.8723156   0.0162581
 48   4.3301270  -4.5000000  -0.4003746   0.9098388  -0.1090578
 49   6.0621778  -3.5000000  -0.4264188   0.9041913   0.0245983
 50   6.0621778  -4.5000000  -0.5225482   0.8524549  -0.0162510
 51   7.7942286  -3.5000000  -0.3526294   0.9356639   0.0136236
 52   7.7942286  -4.5000000  -0.5054822   0.8537943  -0.1245913
 53   9.5262794  -3.5000000  -0.4565414   0.8875605  -0.0616963
 54   9.5262794  -4.5000000  -0.5011728   0.8620987  -0.0749105
 55  11.2583302  -3.5000000  -0.3994623   0.9166886  -0.0105777
 56  11.2583302  -4.5000000  -0.4182881   0.8946476  -0.1569738
 57  12.9903811  -3.5000000  -0.3748709   0.9184573  -0.1261269
 58  12.9903811  -4.5000000  -0.3667370   0.9054618  -0.2136421
 59  14.7224319  -3.5000000  -0.3704818   0.9202917   0.1257234
 60  -2.5980762  -4.5000000  -0.3739486   0.9271101  -0.0250854
 61  -1.7320508  -5.0000000  -0.4822103   0.8749547  -0.0439038
 62  -1.7320508  -6.0000000  -0.5385526   0.8423780   0.0189844
 63  -0.0000000  -5.0000000  -0.5805873   0.8107944   0.0743692
 64  -0.0000000  -6.0000000  -0.6596647   0.7419025   0.1200965
 65   1.7320508  -5.0000000  -0.5684224   0.8141303   0.1186919
 66   1.7320508  -6.0000000  -0.5177634   0.8527734  -0.0685465
 67   3.4641016  -5.0000000  -0.4479960   0.8892491   0.0923882
 68   3.4641016  -6.0000000  -0.3956373   0.9125356  -0.1036823
 69   5.1961524  -5.0000000  -0.4133904   0.9105505   0.0024590
 70   5.1961524  -6.0000000  -0.3365138   0.9345264  -0.1158394
 71   6.9282032  -5.0000000  -0.4071444   0.9038894   0.1312151
 72   6.9282032  -6.0000000  -0.4914946   0.8702013   0.0343919
 73   8.6602540  -5.0000000  -0.4140143   0.9057062  -0.0910415
 74   8.6602540  -6.0000000  -0.4054895   0.9104411   0.0817023
 75  10.3923048  -5.0000000  -0.3910815   0.9203241  -0.0076637
 76  10.3923048  -6.0000000  -0.3342866   0.9402858  -0.0641489
 77  12.1243557  -5.0000000  -0.4848309   0.8743481  -0.0213135
 78  12.1243557  -6.0000000  -0.5333663   0.8414747  -0.0862600
 79  13.8564065  -5.0000000  -0.3848808   0.9187793  -0.0878149
 80  -3.4641016  -6.0000000  -0.4654381   0.8697897  -0.1638089
 81  -2.5980762  -6.5000000  -0.6169688   0.7788640  -0.1127844
 82  -2.5980762  -7.5000000  -0.5690429   0.8222965   0.0043040
 83  -0.8660254  -6.5000000  -0.5162719   0.8556928  -0.0354001
 84  -0.8660254  -7.5000000  -0.5253020   0.8440648  -0.1077606
 85   0.8660254  -6.5000000  -0.3618304   0.9235101   0.1273100
 86   0.8660254  -7.5000000  -0.3839557   0.9228375  -0.0308049
 87   2.5980762  -6.5000000  -0.4975362   0.8654649  -0.0585513
 88   2.5980762  -7.5000000  -0.4974783   0.8609106  -0.1065283
 89   4.3301270  -6.5000000  -0.2088719   0.9775182   0.0288227
 90   4.3301270  -7.5000000  -0.2680922   0.9594305   0.0872907
 91   6.0621778  -6.5000000  -0.4374568   0.8956178  -0.0806243
 92   6.0621778  -7.5000000  -0.4843415   0.8535266  -0.1921087
 93   7.7942286  -6.5000000  -0.5438567   0.8391334  -0.0086674
 94   7.7942286  -7.5000000  -0.5088588   0.8598198  -0.0421021
 95   9.5262794  -6.5000000  -0.3967717   0.9178037   0.0144441
 96   9.5262794  -7.5000000  -0.4387846   0.8868853  -0.1445768
 97  11.2583302  -6.5000000  -0.4525959   0.8916429   0.0113943
 98  11.2583302  -7.5000000  -0.4513039   0.8909562  -0.0502177
 99  12.9903811  -6.5000000  -0.4210559   0.9059818   0.0436917
100  -4.3301270  -7.5000000  -0.4033554   0.9098162   0.0976674
101  -3.4641016  -8.0000000  -0.4715259   0.8787763   0.0735905
102  -3.4641016  -9.0000000  -0.4181391   0.9039798   0.0893324
103  -1.7320508  -8.0000000  -0.4292994   0.8965212   0.1093240
104  -1.7320508  -9.0000000  -0.3779343   0.9255740  -0.0218737
105  -0.0000000  -8.0000000  -0.4002089   0.9017270   0.1634666
106  -0.0000000  -9.0000000  -0.4157855   0.9092894  -0.0177535
107   1.7320508  -8.0000000  -0.3707715   0.9281528  -0.0325720
108   1.7320508  -9.0000000  -0.4044575   0.9128251  -0.0562544
109   3.4641016  -8.0000000  -0.3462459   0.9355942   0.0691173
110   3.4641016  -9.0000000  -0.3139521   0.9494066   0.0078271
111   5.1961524  -8.0000000  -0.4370406   0.8899689   0.1301954
112   5.1961524  -9.0000000  -0.4370933   0.8957502   0.0811234
113   6.9282032  -8.0000000  -0.5036685   0.8623161  -0.0522394
114   6.9282032  -9.0000000  -0.4412963   0.8879750  -0.1294529
115   8.6602540  -8.0000000  -0.4438925   0.8955075  -0.0320281
116   8.6602540  -9.0000000  -0.3698365   0.9121373  -0.1767100
117  10.3923048  -8.0000000  -0.3902140   0.9157100   0.0959594
118  10.3923048  -9.0000000  -0.4278002   0.9027686   0.0446748
119  12.1243557  -8.0000000  -0.3575788   0.9327834   0.0453060
120  -5.1961524  -9.0000000  -0.3347892   0.9356077  -0.1120465
121  -4.3301270  -9.5000000  -0.5276315   0.8494660   0.0035328
122  -4.3301270 -10.5000000  -0.4671316   0.8779990  -0.1044310
123  -2.5980762  -9.5000000  -0.3640276   0.9272478   0.0877236
124  -2.5980762 -10.5000000  -0.3445073   0.9189599  -0.1919049
125  -0.8660254  -9.5000000  -0.5031571   0.8616561  -0.0661949
126  -0.8660254 -10.5000000  -0.4620275   0.8823136  -0.0897399
127   0.8660254  -9.5000000  -0.5782787   0.8134763   0.0620497
128   0.8660254 -10.5000000  -0.5178285   0.8552715  -0.0190869
129   2.5980762  -9.5000000  -0.4639593   0.8855276   0.0241374
130   2.5980762 -10.5000000  -0.4718373   0.8816041  -0.0119952
131   4.3301270  -9.5000000  -0.5284207   0.8448805   0.0833578
132   4.3301270 -10.5000000  -0.5759119   0.8138194  -0.0776110
133   6.0621778  -9.5000000  -0.4626251   0.8737090   0.1503682
134   6.0621778 -10.5000000  -0.5149678   0.8538909  -0.0753562
135   7.7942286  -9.5000000  -0.4712578   0.8742955  -0.1162905
136   7.7942286 -10.5000000  -0.5789449   0.8130230  -0.0617768
137   9.5262794  -9.5000000  -0.5295515   0.8481026   0.0172397
138   9.5262794 -10.5000000  -0.5174258   0.8525514  -0.0736659
139  11.2583302  -9.5000000  -0.4115793   0.9092922   0.0615641
140  -6.0621778 -10.5000000  -0.2383183   0.9700508  -0.0469655
141  -5.1961524 -11.0000000  -0.4422589   0.8920025   0.0934804
142  -5.1961524 -12.0000000  -0.3879644   0.9215002   0.0179167
143  -3.4641016 -11.0000000  -0.5020188   0.8547037  -0.1321315
144  -3.4641016 -12.0000000  -0.3822875   0.9031640  -0.1953230
145  -1.7320508 -11.0000000  -0.2968356   0.9466347  -0.1255840
146  -1.7320508 -12.0000000  -0.1926733   0.9522684  -0.2367738
147  -0.0000000 -11.0000000  -0.3850919   0.9170285   0.1037449
148  -0.0000000 -12.0000000  -0.6126687   0.7900349   0.0219531
149   1.7320508 -11.0000000  -0.4091167   0.8971848   0.1663819
150   1.7320508 -12.0000000  -0.4487367   0.8933498  -0.0236952
151   3.4641016 -11.0000000  -0.4280406   0.9014464   0.0646187
152   3.4641016 -12.0000000  -0.4420724   0.8909068  -0.1041972
153   5.1961524 -11.0000000  -0.4681672   0.8825496  -0.0438834
154   5.1961524 -12.0000000  -0.5039219   0.8580501  -0.0990591
155   6.9282032 -11.0000000  -0.4126199   0.9047877   0.1053758
156   6.9282032 -12.0000000  -0.4275035   0.9035127  -0.0300912
157   8.6602540 -11.0000000  -0.4167460   0.9090043   0.0058205
158   8.6602540 -12.0000000  -0.4136182   0.9103343  -0.0145413
159  10.3923048 -11.0000000  -0.2902573   0.9353803  -0.2020255
160  -6.9282032 -12.0000000  -0.3231317   0.9088518  -0.2637696
161  -6.0621778 -12.5000000  -0.4488541   0.8687745  -0.2091910
162  -6.0621778 -13.5000000  -0.3827140   0.9019277  -0.2001410
163  -4.3301270 -12.5000000  -0.2169531   0.9760660   0.0150508
164  -4.3301270 -13.5000000  -0.3364082   0.9349809  -0.1124288
165  -2.5980762 -12.5000000  -0.5325680   0.8367176  -0.1275733
166  -2.5980762 -13.5000000  -0.5057399   0.8597370  -0.0712704
167  -0.8660254 -12.5000000  -0.5870375   0.8072841  -0.0606574
168  -0.8660254 -13.5000000  -0.5157370   0.8565908   0.0163592
169   0.8660254 -12.5000000  -0.4184233   0.9073420  -0.0406506
170   0.8660254 -13.5000000  -0.3265365   0.9450244   0.0174005
171   2.5980762 -12.5000000  -0.4267564   0.9040820  -0.0226858
172   2.5980762 -13.5000000  -0.4330826   0.8831440  -0.1802668
173   4.3301270 -12.5000000  -0.4883102   0.8723576  -0.0233504
174   4.3301270 -13.5000000  -0.3500338   0.9356026   0.0460877
175   6.0621778 -12.5000000  -0.4674440   0.8837223   0.0230456
176   6.0621778 -13.5000000  -0.3614546   0.9280167  -0.0901976
177   7.7942286 -12.5000000  -0.4502383   0.8928499  -0.0102233
178   7.7942286 -13.5000000  -0.3757713   0.9226988  -0.0861563
179   9.5262794 -12.5000000  -0.4247265   0.9052674   0.0099150
180  -7.7942286 -13.5000000  -0.6170427   0.7776284  -0.1206336
181  -6.9282032 -14.0000000  -0.2477686   0.9669726  -0.0597889
182  -6.9282032 -15.0000000  -0.3905584   0.9186250  -0.0599356
183  -5.1961524 -14.0000000  -0.4875804   0.8727592   0.0235940
184  -5.1961524 -15.0000000  -0.4271041   0.8784996  -0.2140572
185  -3.4641016 -14.0000000  -0.5371517   0.8413116  -0.0605217
186  -3.4641016 -15.0000000  -0.4755359   0.8623755  -0.1737069
187  -1.7320508 -14.0000000  -0.5050361   0.8590641   0.0833505
188  -1.7320508 -15.0000000  -0.5672024   0.8206688  -0.0691678
189  -0.0000000 -14.0000000  -0.3769298   0.9243469  -0.0592177
190  -0.0000000 -15.0000000  -0.3607051   0.9204732  -0.1504023
191   1.7320508 -14.0000000  -0.4672109   0.8839418  -0.0189949
192   1.7320508 -15.0000000  -0.3751715   0.9213262  -0.1020017
193   3.4641016 -14.0000000  -0.4768409   0.8649955  -0.1562227
194   3.4641016 -15.0000000  -0.4376861   0.8766075  -0.1999754
195   5.1961524 -14.0000000  -0.4125746   0.9098316   0.0445953
196   5.1961524 -15.0000000  -0.5333473   0.8386385  -0.1105720
197   6.9282032 -14.0000000  -0.4298855   0.8994089  -0.0791332
198   6.9282032 -15.0000000  -0.3638949   0.9139780  -0.1795122
199   8.6602540 -14.0000000  -0.4038478   0.9146086  -0.0199519
200  -8.6602540 -15.0000000  -0.3601255   0.9315427  -0.0503762
