site number 	 x-coord 	 y-cord 	 sx 	 sy 	 sy
  1   0.8660254  -0.5000000   0.7791266  -0.6182895  -0.1033431
  2   0.8660254  -1.5000000   0.7459318  -0.6555507  -0.1176394
  3   2.5980762  -0.5000000   0.7867220  -0.6138922  -0.0648448
  4   2.5980762  -1.5000000   0.7035939  -0.6962625  -0.1420357
  5   4.3301270  -0.5000000   0.7801946  -0.6244777  -0.0363858
  6   4.3301270  -1.5000000   0.8275609  -0.5593446  -0.0477127
  7   6.0621778  -0.5000000   0.7190507  -0.6936773  -0.0421652
  8   6.0621778  -1.5000000   0.8246970  -0.5546249  -0.1107524
  9   7.7942286  -0.5000000   0.8212980  -0.5701840  -0.0189693
 10   7.7942286  -1.5000000   0.7824670  -0.6215672   0.0374114
 11   9.5262794  -0.5000000   0.8281675  -0.5588757   0.0423843
 12   9.5262794  -1.5000000   0.8115841  -0.5381806  -0.2273609
 13  11.2583302  -0.5000000   0.7973691  -0.5961452   0.0938797
 14  11.2583302  -1.5000000   0.7709168  -0.6338043  -0.0630833
 15  12.9903811  -0.5000000   0.8186823  -0.5740913   0.0133568
 16  12.9903811  -1.5000000   0.7468937  -0.6601398   0.0797832
 17  14.7224319  -0.5000000   0.8175442  -0.5733464   0.0538076
 18  14.7224319  -1.5000000   0.8313751  -0.5323190  -0.1595363
 19  16.4544827  -0.5000000   0.7872945  -0.6136951  -0.0595452
 20  -0.8660254  -1.5000000   0.8476238  -0.5181128  -0.1144248
 21  -0.0000000  -2.0000000   0.8067325  -0.5638739   0.1767172
 22  -0.0000000  -3.0000000   0.7701699  -0.6366407   0.0390756
 23   1.7320508  -2.0000000   0.7939484  -0.6026814  -0.0801318
 24   1.7320508  -3.0000000   0.7683437  -0.6202139  -0.1580588
 25   3.4641016  -2.0000000   0.7963690  -0.5879184  -0.1419451
 26   3.4641016  -3.0000000   0.7717841  -0.6179525  -0.1499468
 27   5.1961524  -2.0000000   0.6828163  -0.7290314  -0.0476987
 28   5.1961524  -3.0000000   0.8044134  -0.5932140   0.0318771
 29   6.9282032  -2.0000000   0.7687765  -0.6395175   0.0002640
 30   6.9282032  -3.0000000   0.8196733  -0.5688925   0.0670588
 31   8.6602540  -2.0000000   0.8292095  -0.5425624  -0.1343043
 32   8.6602540  -3.0000000   0.8204540  -0.5715720   0.0126781
 33  10.3923048  -2.0000000   0.7453819  -0.6415290  -0.1812355
 34  10.3923048  -3.0000000   0.7948656  -0.6038276  -0.0598413
 35  12.1243557  -2.0000000   0.7675221  -0.6261849   0.1371215
 36  12.1243557  -3.0000000   0.7355475  -0.6760658   0.0436452
 37  13.8564065  -2.0000000   0.7444203  -0.6590223   0.1073687
 38  13.8564065  -3.0000000   0.7442640  -0.6673603  -0.0264832
 39  15.5884573  -2.0000000   0.9028300  -0.4212889  -0.0861025
 40  -1.7320508  -3.0000000   0.8124767  -0.5829331   0.0084034
 41  -0.8660254  -3.5000000   0.8260555  -0.5566335  -0.0882691
 42  -0.8660254  -4.5000000   0.8208489  -0.5687582  -0.0521662
 43   0.8660254  -3.5000000   0.8525082  -0.5213203   0.0381428
 44   0.8660254  -4.5000000   0.8079924  -0.5842529  -0.0761377
 45   2.5980762  -3.5000000   0.7468262  -0.6632961  -0.0478423
 46   2.5980762  -4.5000000   0.7941660  -0.6067512  -0.0339598
 47   4.3301270  -3.5000000   0.8092674  -0.5866272  -0.0309001
 48   4.3301270  -4.5000000   0.8221567  -0.5636808  -0.0795125
 49   6.0621778  -3.5000000   0.7904943  -0.6117543   0.0295883
 50   6.0621778  -4.5000000   0.7913372  -0.6086062  -0.0581713
 51   7.7942286  -3.5000000   0.7405154  -0.6718135   0.0174251
 52   7.7942286  -4.5000000   0.7518731  -0.6582557  -0.0372339
 53   9.5262794  -3.5000000   0.7798817  -0.6259215   0.0026249
 54   9.5262794  -4.5000000   0.8807478  -0.4735856   0.0002369
 55  11.2583302  -3.5000000   0.7136937  -0.7003831   0.0102367
 56  11.2583302  -4.5000000   0.8586110  -0.5123111   0.0180111
 57  12.9903811  -3.5000000   0.7607252  -0.6446721   0.0754656
 58  12.9903811  -4.5000000   0.7275383  -0.6860659  -0.0012646
 59  14.7224319  -3.5000000   0.7580234  -0.6500828   0.0528476
 60  -2.5980762  -4.5000000   0.8059232  -0.5845381   0.0938243
 61  -1.7320508  -5.0000000   0.7959278  -0.6043271   0.0358846
 62  -1.7320508  -6.0000000   0.8216900  -0.5699240  -0.0034998
 63  -0.0000000  -5.0000000   0.8134189  -0.5742525  -0.0926485
 64  -0.0000000  -6.0000000   0.8774825  -0.4791259  -0.0215117
 65   1.7320508  -5.0000000   0.8164036  -0.5773797  -0.0108549
 66   1.7320508  -6.0000000   0.8182049  -0.5668952  -0.0957630
 67   3.4641016  -5.0000000   0.8010888  -0.5960867  -0.0541980
 68   3.4641016  -6.0000000   0.7837816  -0.5921090  -0.1873320
 69   5.1961524  -5.0000000   0.7697268  -0.6351481  -0.0640903
 70   5.1961524  -6.0000000   0.7944169  -0.6071534   0.0163241
 71   6.9282032  -5.0000000   0.8084946  -0.5881844   0.0193813
 72   6.9282032  -6.0000000   0.7233191  -0.6830059  -0.1015502
 73   8.6602540  -5.0000000   0.8522978  -0.5180299  -0.0723431
 74   8.6602540  -6.0000000   0.7676753  -0.6396546  -0.0389441
 75  10.3923048  -5.0000000   0.8265274  -0.5459883   0.1369280
 76  10.3923048  -6.0000000   0.7845744  -0.6197929   0.0173163
 77  12.1243557  -5.0000000   0.6654304  -0.7439722   0.0608910
 78  12.1243557  -6.0000000   0.8043010  -0.5882683  -0.0839064
 79  13.8564065  -5.0000000   0.7680988  -0.6348035   0.0839570
 80  -3.4641016  -6.0000000   0.8049978  -0.5857721   0.0940728
 81  -2.5980762  -6.5000000   0.8333361  -0.5518940  -0.0310488
 82  -2.5980762  -7.5000000   0.8758874  -0.4818954  -0.0244559
 83  -0.8660254  -6.5000000   0.8874100  -0.4574213   0.0571773
 84  -0.8660254  -7.5000000   0.6969480  -0.7026990  -0.1431002
 85   0.8660254  -6.5000000   0.8439940  -0.5362690  -0.0094722
 86   0.8660254  -7.5000000   0.8272801  -0.5574225  -0.0699129
 87   2.5980762  -6.5000000   0.8342750  -0.5487635  -0.0533279
 88   2.5980762  -7.5000000   0.8501632  -0.4999432  -0.1651644
 89   4.3301270  -6.5000000   0.7848829  -0.6179102   0.0463236
 90   4.3301270  -7.5000000   0.7013865  -0.7107541   0.0537171
 91   6.0621778  -6.5000000   0.7913271  -0.6109332  -0.0237084
 92   6.0621778  -7.5000000   0.7935172  -0.6080270   0.0251708
 93   7.7942286  -6.5000000   0.7698231  -0.6292136  -0.1070639
 94   7.7942286  -7.5000000   0.7996324  -0.5940296  -0.0878457
 95   9.5262794  -6.5000000   0.8176102  -0.5686282   0.0904188
 96   9.5262794  -7.5000000   0.7577631  -0.6508496  -0.0467969
 97  11.2583302  -6.5000000   0.7797689  -0.6255147  -0.0263039
 98  11.2583302  -7.5000000   0.7785101  -0.6034842  -0.1724203
 99  12.9903811  -6.5000000   0.7639692  -0.6444213   0.0327452
100  -4.3301270  -7.5000000   0.7911230  -0.6062694   0.0810045
101  -3.4641016  -8.0000000   0.8402066  -0.5422557   0.0034109
102  -3.4641016  -9.0000000   0.7976587  -0.5977998  -0.0798494
103  -1.7320508  -8.0000000   0.7055092  -0.6800161   0.1995865
104  -1.7320508  -9.0000000   0.7960561  -0.6024280   0.0580961
105  -0.0000000  -8.0000000   0.8189165  -0.5651852  -0.0997071
106  -0.0000000  -9.0000000   0.8276530  -0.5610568  -0.0143480
107   1.7320508  -8.0000000   0.7883146  -0.6094913  -0.0841460
108   1.7320508  -9.0000000   0.7986857  -0.5993903  -0.0532212
109   3.4641016  -8.0000000   0.7182106  -0.6950853  -0.0320926
110   3.4641016  -9.0000000   0.6692231  -0.7397841   0.0697136
111   5.1961524  -8.0000000   0.8029665  -0.5956730  -0.0204562
112   5.1961524  -9.0000000   0.7734322  -0.6180891  -0.1406006
113   6.9282032  -8.0000000   0.8242905  -0.5587679  -0.0912337
114   6.9282032  -9.0000000   0.8095382  -0.5460490  -0.2155883
115   8.6602540  -8.0000000   0.6645396  -0.7471452  -0.0126935
116   8.6602540  -9.0000000   0.7317374  -0.6781866  -0.0679944
117  10.3923048  -8.0000000   0.7833462  -0.6114430  -0.1118313
118  10.3923048  -9.0000000   0.7261294  -0.6679684  -0.1629549
119  12.1243557  -8.0000000   0.8071810  -0.5885000  -0.0461142
120  -5.1961524  -9.0000000   0.8580696  -0.5129134  -0.0252265
121  -4.3301270  -9.5000000   0.7905519  -0.6115865   0.0314591
122  -4.3301270 -10.5000000   0.8645928  -0.5007794  -0.0412238
123  -2.5980762  -9.5000000   0.8442982  -0.5351877  -0.0271049
124  -2.5980762 -10.5000000   0.7666200  -0.6419399  -0.0143868
125  -0.8660254  -9.5000000   0.8254411  -0.5620118  -0.0528183
126  -0.8660254 -10.5000000   0.8258834  -0.5489379  -0.1287780
127   0.8660254  -9.5000000   0.6938297  -0.7200545  -0.0110434
128   0.8660254 -10.5000000   0.7916689  -0.6019128  -0.1046962
129   2.5980762  -9.5000000   0.6909028  -0.7226808   0.0196385
130   2.5980762 -10.5000000   0.7609628  -0.6479235   0.0336276
131   4.3301270  -9.5000000   0.7732402  -0.6093996   0.1753044
132   4.3301270 -10.5000000   0.7967330  -0.6031023  -0.0385247
133   6.0621778  -9.5000000   0.8260786  -0.5468809  -0.1360710
134   6.0621778 -10.5000000   0.7440421  -0.6560896  -0.1262847
135   7.7942286  -9.5000000   0.8346362  -0.5281737  -0.1562528
136   7.7942286 -10.5000000   0.9010678  -0.4112329  -0.1377113
137   9.5262794  -9.5000000   0.7715137  -0.6291667   0.0944237
138   9.5262794 -10.5000000   0.7207595  -0.6831176  -0.1177119
139  11.2583302  -9.5000000   0.8383152  -0.5179051  -0.1702996
140  -6.0621778 -10.5000000   0.7109469  -0.6899302  -0.1362016
141  -5.1961524 -11.0000000   0.7888560  -0.6093782   0.0797773
142  -5.1961524 -12.0000000   0.8214391  -0.5665905   0.0649082
143  -3.4641016 -11.0000000   0.7498265  -0.6377841  -0.1760447
144  -3.4641016 -12.0000000   0.7219421  -0.6711053  -0.1685744
145  -1.7320508 -11.0000000   0.8340948  -0.5516087   0.0037144
146  -1.7320508 -12.0000000   0.7752316  -0.6291507  -0.0564382
147  -0.0000000 -11.0000000   0.7375290  -0.6607069  -0.1397045
148  -0.0000000 -12.0000000   0.7974687  -0.6033302  -0.0060271
149   1.7320508 -11.0000000   0.7931809  -0.6052620   0.0672449
150   1.7320508 -12.0000000   0.7892995  -0.6097594  -0.0721095
151   3.4641016 -11.0000000   0.7035158  -0.7085679   0.0547454
152   3.4641016 -12.0000000   0.8257375  -0.5521856   0.1151028
153   5.1961524 -11.0000000   0.6831783  -0.7191820   0.1266672
154   5.1961524 -12.0000000   0.7942737  -0.6040801  -0.0649350
155   6.9282032 -11.0000000   0.8505258  -0.5209509  -0.0722224
156   6.9282032 -12.0000000   0.8217159  -0.5478499  -0.1569824
157   8.6602540 -11.0000000   0.8187005  -0.5668053  -0.0919851
158   8.6602540 -12.0000000   0.7485669  -0.6600361  -0.0632452
159  10.3923048 -11.0000000   0.7840717  -0.6033787  -0.1454844
160  -6.9282032 -12.0000000   0.8183796  -0.5723037  -0.0521855
161  -6.0621778 -12.5000000   0.8702643  -0.4916622   0.0301393
162  -6.0621778 -13.5000000   0.8507926  -0.5253331   0.0133073
163  -4.3301270 -12.5000000   0.7671610  -0.6414004  -0.0083346
164  -4.3301270 -13.5000000   0.6282193  -0.7780112   0.0062578
165  -2.5980762 -12.5000000   0.7390249  -0.6733478  -0.0210935
166  -2.5980762 -13.5000000   0.7878845  -0.5856198   0.1904926
167  -0.8660254 -12.5000000   0.8233250  -0.5639588  -0.0639247
168  -0.8660254 -13.5000000   0.7852445  -0.6092950  -0.1102303
169   0.8660254 -12.5000000   0.7054832  -0.6746493   0.2171215
170   0.8660254 -13.5000000   0.7891882  -0.5908138   0.1676933
171   2.5980762 -12.5000000   0.8577453  -0.5111698   0.0545748
172   2.5980762 -13.5000000   0.8079038  -0.5892867  -0.0057151
173   4.3301270 -12.5000000   0.7379685  -0.6615161   0.1334124
174   4.3301270 -13.5000000   0.8276994  -0.5603182   0.0309400
175   6.0621778 -12.5000000   0.8472443  -0.5279697   0.0585242
176   6.0621778 -13.5000000   0.8625440  -0.5057283  -0.0160245
177   7.7942286 -12.5000000   0.7971372  -0.6012754  -0.0551385
178   7.7942286 -13.5000000   0.7963282  -0.6046740  -0.0151916
179   9.5262794 -12.5000000   0.8623849  -0.5014458  -0.0696023
180  -7.7942286 -13.5000000   0.7439425  -0.6651295  -0.0644386
181  -6.9282032 -14.0000000   0.8353005  -0.4374278  -0.3330615
182  -6.9282032 -15.0000000   0.8183898  -0.5578248  -0.1380927
183  -5.1961524 -14.0000000   0.7303629  -0.6798098   0.0665485
184  -5.1961524 -15.0000000   0.7514344  -0.6587272  -0.0377471
185  -3.4641016 -14.0000000   0.7797966  -0.6230556  -0.0609833
186  -3.4641016 -15.0000000   0.7698462  -0.6381462  -0.0103117
187  -1.7320508 -14.0000000   0.7659062  -0.6387788   0.0731398
188  -1.7320508 -15.0000000   0.7589084  -0.6504543   0.0311013
189  -0.0000000 -14.0000000   0.8008473  -0.5985583  -0.0192777
190  -0.0000000 -15.0000000   0.8254377  -0.5559742  -0.0977004
191   1.7320508 -14.0000000   0.7996392  -0.5821401   0.1472753
192   1.7320508 -15.0000000   0.6883375  -0.7085508   0.1553939
193   3.4641016 -14.0000000   0.7706773  -0.6181565   0.1547225
194   3.4641016 -15.0000000   0.8177456  -0.5729234   0.0552353
195   5.1961524 -14.0000000   0.8458682  -0.5223649  -0.1078972
196   5.1961524 -15.0000000   0.8165014  -0.5770772  -0.0175329
197   6.9282032 -14.0000000   0.7621215  -0.6378671   0.1108893
198   6.9282032 -15.0000000   0.8249953  -0.5642650   0.0314293
199   8.6602540 -14.0000000   0.8368307  -0.5461579   0.0377614
200  -8.6602540 -15.0000000   0.7218327  -0.6796687  -0.1304150
