site number 	 x-coord 	 y-cord 	 sx 	 sy 	 sy
  1   0.8660254  -0.5000000  -0.4149681   0.9036738   0.1057125
  2   0.8660254  -1.5000000  -0.4253408   0.9044762  -0.0317486
  3   2.5980762  -0.5000000  -0.5807143   0.8083877  -0.0963337
  4   2.5980762  -1.5000000  -0.5383960   0.8374337  -0.0939924
  5   4.3301270  -0.5000000  -0.4060775   0.9047731   0.1284004
  6   4.3301270  -1.5000000  -0.4061610   0.9128782   0.0410682
  7   6.0621778  -0.5000000  -0.4435555   0.8955892  -0.0343299
  8   6.0621778  -1.5000000  -0.5147556   0.8559434   0.0488626
  9   7.7942286  -0.5000000  -0.4626240   0.8865196   0.0078743
 10   7.7942286  -1.5000000  -0.3241511   0.9358416  -0.1382989
 11   9.5262794  -0.5000000  -0.4468537   0.8946004  -0.0034491
 12   9.5262794  -1.5000000  -0.3990932   0.9156598  -0.0478718
 13  11.2583302  -0.5000000  -0.4782105   0.8697647  -0.1217539
 14  11.2583302  -1.5000000  -0.4905060   0.8699047  -0.0516696
 15  12.9903811  -0.5000000  -0.4228811   0.9046512  -0.0527055
 16  12.9903811  -1.5000000  -0.5458189   0.8256678  -0.1426688
 17  14.7224319  -0.5000000  -0.3355835   0.9416320  -0.0266999
 18  14.7224319  -1.5000000  -0.4397563   0.8770534  -0.1933696
 19  16.4544827  -0.5000000  -0.5225216   0.8509869  -0.0528436
 20  -0.8660254  -1.5000000  -0.5277101   0.8430273  -0.1040528
 21  -0.0000000  -2.0000000  -0.5382813   0.8393336   0.0759765
 22  -0.0000000  -3.0000000  -0.6126973   0.7883904  -0.0551600
 23   1.7320508  -2.0000000  -0.5641870   0.8254960   0.0157910
 24   1.7320508  -3.0000000  -0.5728328   0.8191027  -0.0305508
 25   3.4641016  -2.0000000  -0.4038228   0.9148372   0.0003874
 26   3.4641016  -3.0000000  -0.4724759   0.8697419  -0.1425327
 27   5.1961524  -2.0000000  -0.4997479   0.8659348   0.0202210
 28   5.1961524  -3.0000000  -0.4126806   0.8984079  -0.1501929
 29   6.9282032  -2.0000000  -0.4701534   0.8779383   0.0904442
 30   6.9282032  -3.0000000  -0.4388613   0.8946608  -0.0835631
 31   8.6602540  -2.0000000  -0.2536248   0.9665175  -0.0389653
 32   8.6602540  -3.0000000  -0.2584948   0.9646750  -0.0508200
 33  10.3923048  -2.0000000  -0.5054621   0.8615787  -0.0467985
 34  10.3923048  -3.0000000  -0.4882550   0.8674115   0.0959395
 35  12.1243557  -2.0000000  -0.4890376   0.8710111   0.0467106
 36  12.1243557  -3.0000000  -0.4585182   0.8863747  -0.0640393
 37  13.8564065  -2.0000000  -0.4261671   0.9039814  -0.0346303
 38  13.8564065  -3.0000000  -0.5240298   0.8503351  -0.0481977
 39  15.5884573  -2.0000000  -0.4572099   0.8869263   0.0657334
 40  -1.7320508  -3.0000000  -0.4822186   0.8594418  -0.1697794
 41  -0.8660254  -3.5000000  -0.5245075   0.8452785  -0.1019612
 42  -0.8660254  -4.5000000  -0.4956630   0.8625135  -0.1019243
 43   0.8660254  -3.5000000  -0.4637130   0.8858293   0.0166379
 44   0.8660254  -4.5000000  -0.4480731   0.8878173  -0.1049331
 45   2.5980762  -3.5000000  -0.3967496   0.9101028   0.1195937
 46   2.5980762  -4.5000000  -0.4231125   0.9060100  -0.0110282
 47   4.3301270  -3.5000000  -0.5169612   0.8557812  -0.0197407
 48   4.3301270  -4.5000000  -0.4584512   0.8823673  -0.1060677
 49   6.0621778  -3.5000000  -0.5346464   0.8436687  -0.0487483
 50   6.0621778  -4.5000000  -0.4788238   0.8776747  -0.0203684
 51   7.7942286  -3.5000000  -0.4012664   0.9152334   0.0365128
 52   7.7942286  -4.5000000  -0.5190953   0.8435233  -0.1378715
 53   9.5262794  -3.5000000  -0.4325547   0.8941014   0.1161000
 54   9.5262794  -4.5000000  -0.5044990   0.8619171  -0.0507901
 55  11.2583302  -3.5000000  -0.4615755   0.8870964   0.0028351
 56  11.2583302  -4.5000000  -0.5729909   0.8057986  -0.1495661
 57  12.9903811  -3.5000000  -0.5323161   0.8462371   0.0228536
 58  12.9903811  -4.5000000  -0.4164516   0.8884145  -0.1931005
 59  14.7224319  -3.5000000  -0.4234976   0.9013314   0.0908376
 60  -2.5980762  -4.5000000  -0.3994181   0.9160981   0.0350644
 61  -1.7320508  -5.0000000  -0.3889927   0.9102086   0.1421440
 62  -1.7320508  -6.0000000  -0.3835375   0.9193761  -0.0874451
 63  -0.0000000  -5.0000000  -0.6600620   0.7455803  -0.0918049
 64  -0.0000000  -6.0000000  -0.6584516   0.7523835   0.0189874
 65   1.7320508  -5.0000000  -0.4904022   0.8608700  -0.1356779
 66   1.7320508  -6.0000000  -0.5863071   0.8100396  -0.0089367
 67   3.4641016  -5.0000000  -0.5647869   0.8251920  -0.0086002
 68   3.4641016  -6.0000000  -0.6211402   0.7808716  -0.0665157
 69   5.1961524  -5.0000000  -0.4920576   0.8625741  -0.1176663
 70   5.1961524  -6.0000000  -0.5663676   0.8240754   0.0112860
 71   6.9282032  -5.0000000  -0.4541290   0.8871773  -0.0817510
 72   6.9282032  -6.0000000  -0.5049317   0.8605719  -0.0667835
 73   8.6602540  -5.0000000  -0.4415341   0.8954960   0.0559878
 74   8.6602540  -6.0000000  -0.5129426   0.8577193  -0.0347485
 75  10.3923048  -5.0000000  -0.4671234   0.8823174   0.0575476
 76  10.3923048  -6.0000000  -0.4753432   0.8607081  -0.1822922
 77  12.1243557  -5.0000000  -0.4614324   0.8870778  -0.0131570
 78  12.1243557  -6.0000000  -0.4795813   0.8774524  -0.0088924
 79  13.8564065  -5.0000000  -0.4867288   0.8727362  -0.0377689
 80  -3.4641016  -6.0000000  -0.5606525   0.8245083   0.0765169
 81  -2.5980762  -6.5000000  -0.4135768   0.9085994   0.0583220
 82  -2.5980762  -7.5000000  -0.3656993   0.9302713  -0.0293130
 83  -0.8660254  -6.5000000  -0.4685050   0.8809499   0.0665611
 84  -0.8660254  -7.5000000  -0.4109045   0.9105697  -0.0449471
 85   0.8660254  -6.5000000  -0.6029442   0.7912712   0.1017256
 86   0.8660254  -7.5000000  -0.5654677   0.8229033  -0.0554661
 87   2.5980762  -6.5000000  -0.4871748   0.8586046   0.1595586
 88   2.5980762  -7.5000000  -0.4824882   0.8757267   0.0175458
 89   4.3301270  -6.5000000  -0.3587431   0.9333662   0.0114411
 90   4.3301270  -7.5000000  -0.4166904   0.9087419  -0.0236072
 91   6.0621778  -6.5000000  -0.4033754   0.9087285  -0.1072417
 92   6.0621778  -7.5000000  -0.4818631   0.8759973   0.0208953
 93   7.7942286  -6.5000000  -0.3038374   0.9517894  -0.0421866
 94   7.7942286  -7.5000000  -0.3625617   0.9303271  -0.0551401
 95   9.5262794  -6.5000000  -0.5356654   0.8443144  -0.0139933
 96   9.5262794  -7.5000000  -0.5270245   0.8349600  -0.1583887
 97  11.2583302  -6.5000000  -0.5780287   0.8137801   0.0603715
 98  11.2583302  -7.5000000  -0.3901059   0.9199442   0.0389883
 99  12.9903811  -6.5000000  -0.5295349   0.8478899   0.0259907
100  -4.3301270  -7.5000000  -0.4452916   0.8787313  -0.1718912
101  -3.4641016  -8.0000000  -0.3457210   0.9359000  -0.0675887
102  -3.4641016  -9.0000000  -0.3228742   0.9437226  -0.0716938
103  -1.7320508  -8.0000000  -0.5792943   0.8147222   0.0254134
104  -1.7320508  -9.0000000  -0.6216157   0.7806744   0.0643534
105  -0.0000000  -8.0000000  -0.5000486   0.8623319   0.0795938
106  -0.0000000  -9.0000000  -0.4636352   0.8860070  -0.0058336
107   1.7320508  -8.0000000  -0.5203799   0.8503305   0.0783764
108   1.7320508  -9.0000000  -0.5611223   0.8269471   0.0360582
109   3.4641016  -8.0000000  -0.4709996   0.8812370   0.0397578
110   3.4641016  -9.0000000  -0.4271257   0.9041272   0.0108415
111   5.1961524  -8.0000000  -0.4992579   0.8584162  -0.1177424
112   5.1961524  -9.0000000  -0.3655322   0.9258411  -0.0959401
113   6.9282032  -8.0000000  -0.4179213   0.9063030  -0.0629022
114   6.9282032  -9.0000000  -0.3909182   0.9182834  -0.0627584
115   8.6602540  -8.0000000  -0.4996600   0.8536851   0.1468390
116   8.6602540  -9.0000000  -0.4502089   0.8928269   0.0131209
117  10.3923048  -8.0000000  -0.5257343   0.8475188  -0.0729066
118  10.3923048  -9.0000000  -0.3750146   0.9179123  -0.1296190
119  12.1243557  -8.0000000  -0.3848586   0.9227632  -0.0197956
120  -5.1961524  -9.0000000  -0.4199426   0.8780879  -0.2293684
121  -4.3301270  -9.5000000  -0.4099861   0.9070932  -0.0953591
122  -4.3301270 -10.5000000  -0.3946585   0.9186442  -0.0183739
123  -2.5980762  -9.5000000  -0.4728840   0.8810948   0.0072559
124  -2.5980762 -10.5000000  -0.4999791   0.8658494  -0.0180472
125  -0.8660254  -9.5000000  -0.4598953   0.8787099   0.1279268
126  -0.8660254 -10.5000000  -0.4634529   0.8860421  -0.0118676
127   0.8660254  -9.5000000  -0.4597164   0.8873597   0.0354059
128   0.8660254 -10.5000000  -0.4631308   0.8768793  -0.1288120
129   2.5980762  -9.5000000  -0.4167765   0.9056920   0.0775849
130   2.5980762 -10.5000000  -0.4694570   0.8797155  -0.0755701
131   4.3301270  -9.5000000  -0.5047552   0.8610839  -0.0612917
132   4.3301270 -10.5000000  -0.4363078   0.8969455  -0.0715849
133   6.0621778  -9.5000000  -0.4428913   0.8838225  -0.1506818
134   6.0621778 -10.5000000  -0.3613727   0.9269351  -0.1010005
135   7.7942286  -9.5000000  -0.4305360   0.9019059   0.0347067
136   7.7942286 -10.5000000  -0.3088172   0.9495658  -0.0543764
137   9.5262794  -9.5000000  -0.3902181   0.9162815  -0.0903220
138   9.5262794 -10.5000000  -0.4367805   0.8953042  -0.0874828
139  11.2583302  -9.5000000  -0.3169136   0.9483996   0.0101927
140  -6.0621778 -10.5000000  -0.4638568   0.8858326  -0.0117231
141  -5.1961524 -11.0000000  -0.5175599   0.8364059   0.1804357
142  -5.1961524 -12.0000000  -0.5608895   0.8229875  -0.0899694
143  -3.4641016 -11.0000000  -0.5633557   0.8244635  -0.0537615
144  -3.4641016 -12.0000000  -0.4583089   0.8807485  -0.1193107
145  -1.7320508 -11.0000000  -0.2589839   0.9654299   0.0295361
146  -1.7320508 -12.0000000  -0.4417880   0.8897584  -0.1146883
147  -0.0000000 -11.0000000  -0.4562103   0.8832172   0.1086255
148  -0.0000000 -12.0000000  -0.4668005   0.8842771  -0.0123014
149   1.7320508 -11.0000000  -0.4543058   0.8906191  -0.0200959
150   1.7320508 -12.0000000  -0.3643453   0.9173063  -0.1606288
151   3.4641016 -11.0000000  -0.3981787   0.9165568  -0.0371121
152   3.4641016 -12.0000000  -0.5808233   0.8125071  -0.0497646
153   5.1961524 -11.0000000  -0.4800286   0.8766014   0.0338001
154   5.1961524 -12.0000000  -0.4270351   0.8962920  -0.1195893
155   6.9282032 -11.0000000  -0.4013094   0.8832448  -0.2425477
156   6.9282032 -12.0000000  -0.3790582   0.9250995   0.0224898
157   8.6602540 -11.0000000  -0.4969701   0.8639453  -0.0813587
158   8.6602540 -12.0000000  -0.4856541   0.8723026  -0.0568178
159  10.3923048 -11.0000000  -0.4263355   0.9018819  -0.0696212
160  -6.9282032 -12.0000000  -0.5210450   0.8480165  -0.0968504
161  -6.0621778 -12.5000000  -0.4788615   0.8767695  -0.0443503
162  -6.0621778 -13.5000000  -0.4187821   0.9079384  -0.0164148
163  -4.3301270 -12.5000000  -0.4661302   0.8842077  -0.0299885
164  -4.3301270 -13.5000000  -0.4530664   0.8911285  -0.0249168
165  -2.5980762 -12.5000000  -0.4445779   0.8956488  -0.0127987
166  -2.5980762 -13.5000000  -0.4784231   0.8780747   0.0098037
167  -0.8660254 -12.5000000  -0.3997267   0.9154761  -0.0460658
168  -0.8660254 -13.5000000  -0.4647805   0.8812862  -0.0855201
169   0.8660254 -12.5000000  -0.5160191   0.8559617  -0.0324628
170   0.8660254 -13.5000000  -0.5124169   0.8483762  -0.1329916
171   2.5980762 -12.5000000  -0.4767005   0.8782211  -0.0385268
172   2.5980762 -13.5000000  -0.4487476   0.8841539  -0.1299904
173   4.3301270 -12.5000000  -0.4375415   0.8830058  -0.1698771
174   4.3301270 -13.5000000  -0.4244596   0.9048518  -0.0328231
175   6.0621778 -12.5000000  -0.4312347   0.9010604  -0.0461178
176   6.0621778 -13.5000000  -0.4128301   0.9055294  -0.0979178
177   7.7942286 -12.5000000  -0.5380480   0.8425994  -0.0230352
178   7.7942286 -13.5000000  -0.4429030   0.8959912  -0.0321967
179   9.5262794 -12.5000000  -0.4026328   0.9144841  -0.0400702
180  -7.7942286 -13.5000000  -0.4642638   0.8799600  -0.1006451
181  -6.9282032 -14.0000000  -0.3726069   0.9276844   0.0237843
182  -6.9282032 -15.0000000  -0.4607897   0.8841743  -0.0768675
183  -5.1961524 -14.0000000  -0.4401429   0.8951963   0.0699847
184  -5.1961524 -15.0000000  -0.3454967   0.9193053  -0.1884403
185  -3.4641016 -14.0000000  -0.4597657   0.8830334   0.0941673
186  -3.4641016 -15.0000000  -0.4712890   0.8758640  -0.1036775
187  -1.7320508 -14.0000000  -0.3959706   0.9165970  -0.0552924
188  -1.7320508 -15.0000000  -0.4044814   0.8829130  -0.2384522
189  -0.0000000 -14.0000000  -0.5169433   0.8558866   0.0150927
190  -0.0000000 -15.0000000  -0.2970929   0.9515211  -0.0796461
191   1.7320508 -14.0000000  -0.4617826   0.8861460  -0.0387566
192   1.7320508 -15.0000000  -0.5044804   0.8441168  -0.1815665
193   3.4641016 -14.0000000  -0.5642277   0.8255824  -0.0077907
194   3.4641016 -15.0000000  -0.5312597   0.8260590  -0.1881216
195   5.1961524 -14.0000000  -0.5294557   0.8444302   0.0813284
196   5.1961524 -15.0000000  -0.4699910   0.8814705  -0.0460235
197   6.9282032 -14.0000000  -0.3974228   0.9121261  -0.1004049
198   6.9282032 -15.0000000  -0.3323173   0.9177935  -0.2173023
199   8.6602540 -14.0000000  -0.2682078   0.9521976   0.1462337
200  -8.6602540 -15.0000000  -0.4064044   0.9005964  -0.1541482
