site number 	 x-coord 	 y-cord 	 sx 	 sy 	 sy
  1   0.8660254  -0.5000000   0.9321769  -0.3604770  -0.0332050
  2   0.8660254  -1.5000000   0.9441128  -0.3054317  -0.1239454
  3   2.5980762  -0.5000000   0.8018631  -0.5972201  -0.0185379
  4   2.5980762  -1.5000000   0.8475235  -0.5008664  -0.1756038
  5   4.3301270  -0.5000000   0.8732073  -0.4753504  -0.1074761
  6   4.3301270  -1.5000000   0.8830359  -0.4496633  -0.1343522
  7   6.0621778  -0.5000000   0.9169019  -0.3989577  -0.0111193
  8   6.0621778  -1.5000000   0.8977029  -0.4242175  -0.1190337
  9   7.7942286  -0.5000000   0.9200594  -0.3907765   0.0280085
 10   7.7942286  -1.5000000   0.8839249  -0.4674365  -0.0134117
 11   9.5262794  -0.5000000   0.8656240  -0.4793199  -0.1447323
 12   9.5262794  -1.5000000   0.8434439  -0.4504040  -0.2928116
 13  11.2583302  -0.5000000   0.8667046  -0.4986081   0.0145991
 14  11.2583302  -1.5000000   0.8544654  -0.5194460   0.0080436
 15  12.9903811  -0.5000000   0.8425445  -0.5362467  -0.0505793
 16  12.9903811  -1.5000000   0.8481215  -0.5295462  -0.0164555
 17  14.7224319  -0.5000000   0.9644718  -0.2447762   0.0993916
 18  14.7224319  -1.5000000   0.9010773  -0.4336372  -0.0042877
 19  16.4544827  -0.5000000   0.9481569  -0.3176784   0.0088820
 20  -0.8660254  -1.5000000   0.8951834  -0.3945948  -0.2072235
 21  -0.0000000  -2.0000000   0.9292901  -0.2881898  -0.2310120
 22  -0.0000000  -3.0000000   0.9105553  -0.3397178  -0.2355438
 23   1.7320508  -2.0000000   0.8664264  -0.4788139  -0.1415718
 24   1.7320508  -3.0000000   0.8148485  -0.5421123  -0.2052711
 25   3.4641016  -2.0000000   0.8949661  -0.4389809  -0.0795702
 26   3.4641016  -3.0000000   0.8725601  -0.4009641  -0.2790458
 27   5.1961524  -2.0000000   0.8937972  -0.4395298  -0.0891074
 28   5.1961524  -3.0000000   0.9336300  -0.3281689  -0.1436671
 29   6.9282032  -2.0000000   0.9113625  -0.4094450   0.0421105
 30   6.9282032  -3.0000000   0.8939741  -0.4053552  -0.1910430
 31   8.6602540  -2.0000000   0.8927737  -0.4438084   0.0773902
 32   8.6602540  -3.0000000   0.8284666  -0.5570425  -0.0578511
 33  10.3923048  -2.0000000   0.8247922  -0.4689526  -0.3159135
 34  10.3923048  -3.0000000   0.8889230  -0.4376868  -0.1350782
 35  12.1243557  -2.0000000   0.8821556  -0.4546184   0.1229783
 36  12.1243557  -3.0000000   0.8957814  -0.4431913  -0.0340181
 37  13.8564065  -2.0000000   0.9028268  -0.4206360  -0.0892701
 38  13.8564065  -3.0000000   0.9239908  -0.3619374  -0.1234595
 39  15.5884573  -2.0000000   0.8859118  -0.4569781  -0.0795696
 40  -1.7320508  -3.0000000   0.8648694  -0.4602711  -0.2003783
 41  -0.8660254  -3.5000000   0.9373159  -0.3178426  -0.1428812
 42  -0.8660254  -4.5000000   0.9164499  -0.4000549   0.0087048
 43   0.8660254  -3.5000000   0.8545852  -0.5091873  -0.1020416
 44   0.8660254  -4.5000000   0.9242199  -0.3527850  -0.1461517
 45   2.5980762  -3.5000000   0.9148116  -0.4038619  -0.0039033
 46   2.5980762  -4.5000000   0.8925810  -0.4215742  -0.1599197
 47   4.3301270  -3.5000000   0.9023205  -0.4088643  -0.1365568
 48   4.3301270  -4.5000000   0.8825428  -0.3492919  -0.3148227
 49   6.0621778  -3.5000000   0.9014728  -0.4151260  -0.1225449
 50   6.0621778  -4.5000000   0.9477973  -0.2931843  -0.1253923
 51   7.7942286  -3.5000000   0.8220761  -0.5556268  -0.1243772
 52   7.7942286  -4.5000000   0.8418363  -0.5305771  -0.0989926
 53   9.5262794  -3.5000000   0.9278786  -0.3702930   0.0438678
 54   9.5262794  -4.5000000   0.9137618  -0.3512651  -0.2040887
 55  11.2583302  -3.5000000   0.8540101  -0.4969763   0.1538873
 56  11.2583302  -4.5000000   0.8562948  -0.5075131   0.0958631
 57  12.9903811  -3.5000000   0.8996295  -0.4340496   0.0476216
 58  12.9903811  -4.5000000   0.8483206  -0.5285417  -0.0315575
 59  14.7224319  -3.5000000   0.9075096  -0.4104075   0.0893983
 60  -2.5980762  -4.5000000   0.8851676  -0.4517603  -0.1113145
 61  -1.7320508  -5.0000000   0.9041987  -0.4086588  -0.1241882
 62  -1.7320508  -6.0000000   0.8826773  -0.4051290  -0.2382255
 63  -0.0000000  -5.0000000   0.8740311  -0.4858684  -0.0012449
 64  -0.0000000  -6.0000000   0.9004641  -0.4317437   0.0525527
 65   1.7320508  -5.0000000   0.9388637  -0.3404909  -0.0509997
 66   1.7320508  -6.0000000   0.9107115  -0.4071462  -0.0695451
 67   3.4641016  -5.0000000   0.9446664  -0.3274561   0.0194370
 68   3.4641016  -6.0000000   0.9210473  -0.3784970  -0.0917161
 69   5.1961524  -5.0000000   0.9541250  -0.2977153   0.0317971
 70   5.1961524  -6.0000000   0.8597832  -0.5031654  -0.0871627
 71   6.9282032  -5.0000000   0.8662376  -0.4975073   0.0460311
 72   6.9282032  -6.0000000   0.9648908  -0.2618295  -0.0207632
 73   8.6602540  -5.0000000   0.9266113  -0.3725195  -0.0511925
 74   8.6602540  -6.0000000   0.8743580  -0.4591429  -0.1571173
 75  10.3923048  -5.0000000   0.9054594  -0.4213755  -0.0508529
 76  10.3923048  -6.0000000   0.8226910  -0.5606380  -0.0941515
 77  12.1243557  -5.0000000   0.9170893  -0.3855052   0.1016510
 78  12.1243557  -6.0000000   0.9360963  -0.3264643  -0.1309382
 79  13.8564065  -5.0000000   0.8921784  -0.4513493  -0.0173615
 80  -3.4641016  -6.0000000   0.9133056  -0.3686261  -0.1731693
 81  -2.5980762  -6.5000000   0.8925950  -0.4507427  -0.0102588
 82  -2.5980762  -7.5000000   0.9603996  -0.2763783   0.0353222
 83  -0.8660254  -6.5000000   0.8886816  -0.3999281  -0.2242823
 84  -0.8660254  -7.5000000   0.9669664  -0.1861731  -0.1741139
 85   0.8660254  -6.5000000   0.9051386  -0.4245137   0.0226303
 86   0.8660254  -7.5000000   0.8916699  -0.4504224   0.0452165
 87   2.5980762  -6.5000000   0.9397336  -0.3387665  -0.0462393
 88   2.5980762  -7.5000000   0.8852645  -0.4620474  -0.0530944
 89   4.3301270  -6.5000000   0.8839064  -0.4674872   0.0128529
 90   4.3301270  -7.5000000   0.8588019  -0.5120966  -0.0147112
 91   6.0621778  -6.5000000   0.9435200  -0.3008159  -0.1388516
 92   6.0621778  -7.5000000   0.9064924  -0.3648103  -0.2125677
 93   7.7942286  -6.5000000   0.8478175  -0.5268551   0.0602435
 94   7.7942286  -7.5000000   0.8968240  -0.4423247  -0.0074537
 95   9.5262794  -6.5000000   0.8557822  -0.5165882  -0.0278093
 96   9.5262794  -7.5000000   0.9032340  -0.4265377  -0.0472640
 97  11.2583302  -6.5000000   0.9481430  -0.3177481  -0.0078083
 98  11.2583302  -7.5000000   0.8727864  -0.4879640  -0.0116218
 99  12.9903811  -6.5000000   0.9170889  -0.3949068  -0.0547406
100  -4.3301270  -7.5000000   0.8588259  -0.4763810  -0.1883592
101  -3.4641016  -8.0000000   0.9748320  -0.1210717  -0.1872011
102  -3.4641016  -9.0000000   0.8148302  -0.4522536  -0.3626547
103  -1.7320508  -8.0000000   0.9389900  -0.3390909  -0.0575768
104  -1.7320508  -9.0000000   0.9197167  -0.3823912  -0.0888712
105  -0.0000000  -8.0000000   0.9569149  -0.2809347  -0.0734134
106  -0.0000000  -9.0000000   0.8997020  -0.4361137   0.0184686
107   1.7320508  -8.0000000   0.8736747  -0.4853566  -0.0334896
108   1.7320508  -9.0000000   0.9421855  -0.3348310   0.0132152
109   3.4641016  -8.0000000   0.8844809  -0.4621788   0.0639090
110   3.4641016  -9.0000000   0.9235888  -0.3803687  -0.0479939
111   5.1961524  -8.0000000   0.9259322  -0.3602009  -0.1136001
112   5.1961524  -9.0000000   0.8825412  -0.4028182  -0.2426077
113   6.9282032  -8.0000000   0.9487212  -0.2917278  -0.1217494
114   6.9282032  -9.0000000   0.8990790  -0.3893163  -0.2002244
115   8.6602540  -8.0000000   0.9187896  -0.3813575  -0.1019420
116   8.6602540  -9.0000000   0.8944431  -0.4146226  -0.1675103
117  10.3923048  -8.0000000   0.9139361  -0.4049199  -0.0275804
118  10.3923048  -9.0000000   0.9317983  -0.3617471  -0.0298490
119  12.1243557  -8.0000000   0.8943625  -0.4433812  -0.0594041
120  -5.1961524  -9.0000000   0.9120751  -0.4087357   0.0324682
121  -4.3301270  -9.5000000   0.8845355  -0.4547823   0.1037782
122  -4.3301270 -10.5000000   0.8989194  -0.4369618   0.0317550
123  -2.5980762  -9.5000000   0.8822421  -0.4665234  -0.0632835
124  -2.5980762 -10.5000000   0.9102477  -0.4140636  -0.0007089
125  -0.8660254  -9.5000000   0.8697481  -0.4930563  -0.0208255
126  -0.8660254 -10.5000000   0.8839253  -0.4088685  -0.2269420
127   0.8660254  -9.5000000   0.9441186  -0.3294075   0.0114361
128   0.8660254 -10.5000000   0.9202260  -0.3040456  -0.2464555
129   2.5980762  -9.5000000   0.9352539  -0.3538822   0.0082224
130   2.5980762 -10.5000000   0.8598687  -0.4568788  -0.2277884
131   4.3301270  -9.5000000   0.9068476  -0.4209477   0.0207471
132   4.3301270 -10.5000000   0.9226865  -0.3824166   0.0490628
133   6.0621778  -9.5000000   0.9201139  -0.3892199   0.0435689
134   6.0621778 -10.5000000   0.9164821  -0.3789581  -0.1282628
135   7.7942286  -9.5000000   0.8861171  -0.4599371  -0.0570473
136   7.7942286 -10.5000000   0.9231531  -0.3774506  -0.0729343
137   9.5262794  -9.5000000   0.9437525  -0.3203988  -0.0817057
138   9.5262794 -10.5000000   0.9027122  -0.4235079  -0.0758409
139  11.2583302  -9.5000000   0.8995200  -0.4350661  -0.0397640
140  -6.0621778 -10.5000000   0.9043663  -0.4144483  -0.1017555
141  -5.1961524 -11.0000000   0.8828581  -0.4584154   0.1020633
142  -5.1961524 -12.0000000   0.8110280  -0.5838966  -0.0360310
143  -3.4641016 -11.0000000   0.8894334  -0.4420136   0.1163282
144  -3.4641016 -12.0000000   0.9107010  -0.3832597  -0.1540640
145  -1.7320508 -11.0000000   0.8799806  -0.4744183   0.0236951
146  -1.7320508 -12.0000000   0.8984978  -0.4236979  -0.1148123
147  -0.0000000 -11.0000000   0.9553741  -0.2931200  -0.0366186
148  -0.0000000 -12.0000000   0.7792279  -0.6110984  -0.1391500
149   1.7320508 -11.0000000   0.9191769  -0.3381535  -0.2019059
150   1.7320508 -12.0000000   0.8556828  -0.3508522  -0.3804073
151   3.4641016 -11.0000000   0.9297939  -0.3455050  -0.1269237
152   3.4641016 -12.0000000   0.9244028  -0.3641384  -0.1135023
153   5.1961524 -11.0000000   0.8507582  -0.5251680   0.0202252
154   5.1961524 -12.0000000   0.8382584  -0.5450908   0.0141039
155   6.9282032 -11.0000000   0.8674330  -0.4753952  -0.1468311
156   6.9282032 -12.0000000   0.8322118  -0.5268410  -0.1728066
157   8.6602540 -11.0000000   0.8756882  -0.4764887   0.0782856
158   8.6602540 -12.0000000   0.8798942  -0.4527910  -0.1441060
159  10.3923048 -11.0000000   0.9398312  -0.3413084  -0.0150296
160  -6.9282032 -12.0000000   0.8744656  -0.4553941  -0.1671113
161  -6.0621778 -12.5000000   0.8667824  -0.4985965   0.0094743
162  -6.0621778 -13.5000000   0.8695576  -0.4814301  -0.1099756
163  -4.3301270 -12.5000000   0.9071482  -0.4137624  -0.0766992
164  -4.3301270 -13.5000000   0.8590340  -0.4943497  -0.1329626
165  -2.5980762 -12.5000000   0.9450618  -0.3154561  -0.0857070
166  -2.5980762 -13.5000000   0.9048100  -0.4253956   0.0189059
167  -0.8660254 -12.5000000   0.8415484  -0.5377820  -0.0508598
168  -0.8660254 -13.5000000   0.8953019  -0.4452204  -0.0146054
169   0.8660254 -12.5000000   0.9183326  -0.3925269  -0.0508704
170   0.8660254 -13.5000000   0.9435962  -0.3133085  -0.1070702
171   2.5980762 -12.5000000   0.9218983  -0.3852393  -0.0411604
172   2.5980762 -13.5000000   0.8397082  -0.5430372   0.0008214
173   4.3301270 -12.5000000   0.9346335  -0.3456455  -0.0836022
174   4.3301270 -13.5000000   0.9626395  -0.2707795   0.0019151
175   6.0621778 -12.5000000   0.9349836  -0.3517697   0.0454275
176   6.0621778 -13.5000000   0.9141331  -0.3991858   0.0707910
177   7.7942286 -12.5000000   0.9048764  -0.4213538  -0.0604948
178   7.7942286 -13.5000000   0.9520955  -0.2843889  -0.1124145
179   9.5262794 -12.5000000   0.8740050  -0.4787855  -0.0829440
180  -7.7942286 -13.5000000   0.9094921  -0.3660002  -0.1971498
181  -6.9282032 -14.0000000   0.8719996  -0.4861720  -0.0570404
182  -6.9282032 -15.0000000   0.8673792  -0.4878192  -0.0984159
183  -5.1961524 -14.0000000   0.9288186  -0.3666965   0.0531944
184  -5.1961524 -15.0000000   0.8731152  -0.4718853  -0.1224509
185  -3.4641016 -14.0000000   0.8706632  -0.4858830  -0.0765722
186  -3.4641016 -15.0000000   0.8558687  -0.4978373  -0.1401668
187  -1.7320508 -14.0000000   0.8842702  -0.4667941  -0.0130178
188  -1.7320508 -15.0000000   0.8377446  -0.5413871  -0.0713021
189  -0.0000000 -14.0000000   0.9437409  -0.3208447  -0.0800739
190  -0.0000000 -15.0000000   0.8763736  -0.4485578  -0.1753999
191   1.7320508 -14.0000000   0.8985981  -0.4312586  -0.0808543
192   1.7320508 -15.0000000   0.8469052  -0.5084549  -0.1556442
193   3.4641016 -14.0000000   0.8765752  -0.4017573  -0.2649662
194   3.4641016 -15.0000000   0.8578460  -0.4446456  -0.2576635
195   5.1961524 -14.0000000   0.8882870  -0.4252811   0.1734424
196   5.1961524 -15.0000000   0.8547907  -0.5188959  -0.0089382
197   6.9282032 -14.0000000   0.9311164  -0.3347158   0.1448706
198   6.9282032 -15.0000000   0.9053527  -0.4009895  -0.1397996
199   8.6602540 -14.0000000   0.9210396  -0.3773513  -0.0963955
200  -8.6602540 -15.0000000   0.8220310  -0.5061421  -0.2609314
