site number 	 x-coord 	 y-cord 	 sx 	 sy 	 sy
  1   0.8660254  -0.5000000   0.9182609  -0.3727289  -0.1336787
  2   0.8660254  -1.5000000   0.9040392  -0.4129344  -0.1104463
  3   2.5980762  -0.5000000   0.9638559  -0.2663769   0.0050152
  4   2.5980762  -1.5000000   0.9015793  -0.4252020  -0.0797375
  5   4.3301270  -0.5000000   0.9460766  -0.3236668   0.0133720
  6   4.3301270  -1.5000000   0.9388068  -0.3259606  -0.1113165
  7   6.0621778  -0.5000000   0.9846432  -0.1741362   0.0124217
  8   6.0621778  -1.5000000   0.8329909  -0.5338567  -0.1453380
  9   7.7942286  -0.5000000   0.9263287  -0.3237696  -0.1925833
 10   7.7942286  -1.5000000   0.9157750  -0.2992088  -0.2680118
 11   9.5262794  -0.5000000   0.9227590  -0.3610721  -0.1346952
 12   9.5262794  -1.5000000   0.9454174  -0.3258527   0.0024478
 13  11.2583302  -0.5000000   0.9791800  -0.1940743  -0.0595122
 14  11.2583302  -1.5000000   0.9171631  -0.3915194  -0.0743264
 15  12.9903811  -0.5000000   0.9458528  -0.3183578   0.0633307
 16  12.9903811  -1.5000000   0.9179537  -0.3512229  -0.1844002
 17  14.7224319  -0.5000000   0.9796355  -0.1970824  -0.0383786
 18  14.7224319  -1.5000000   0.9523127  -0.3027454  -0.0380221
 19  16.4544827  -0.5000000   0.9646269  -0.2539657   0.0706851
 20  -0.8660254  -1.5000000   0.9914049  -0.1209740  -0.0498150
 21  -0.0000000  -2.0000000   0.9009205  -0.4305548  -0.0544503
 22  -0.0000000  -3.0000000   0.8895486  -0.4211871  -0.1769315
 23   1.7320508  -2.0000000   0.9074100  -0.3988121  -0.1324992
 24   1.7320508  -3.0000000   0.8548531  -0.4534943  -0.2521292
 25   3.4641016  -2.0000000   0.9387527  -0.3057713  -0.1588940
 26   3.4641016  -3.0000000   0.9064797  -0.3706844  -0.2022067
 27   5.1961524  -2.0000000   0.8228070  -0.5668049  -0.0414830
 28   5.1961524  -3.0000000   0.8609502  -0.4555428  -0.2263750
 29   6.9282032  -2.0000000   0.9182206  -0.3551240  -0.1753790
 30   6.9282032  -3.0000000   0.9320281  -0.2070918  -0.2973829
 31   8.6602540  -2.0000000   0.9620975  -0.2224187  -0.1577919
 32   8.6602540  -3.0000000   0.8702735  -0.2691877  -0.4125070
 33  10.3923048  -2.0000000   0.9244391  -0.3688798   0.0966442
 34  10.3923048  -3.0000000   0.9392497  -0.3381808  -0.0586842
 35  12.1243557  -2.0000000   0.9366439  -0.3469303   0.0483493
 36  12.1243557  -3.0000000   0.9410567  -0.3091338  -0.1372899
 37  13.8564065  -2.0000000   0.9405044  -0.3214629  -0.1100597
 38  13.8564065  -3.0000000   0.8957066  -0.3978743  -0.1985088
 39  15.5884573  -2.0000000   0.9696696  -0.2143424  -0.1174655
 40  -1.7320508  -3.0000000   0.9121854  -0.3940433  -0.1124622
 41  -0.8660254  -3.5000000   0.9071489  -0.4178269  -0.0500152
 42  -0.8660254  -4.5000000   0.9783603  -0.1965412   0.0646737
 43   0.8660254  -3.5000000   0.9495609  -0.3113006  -0.0377642
 44   0.8660254  -4.5000000   0.8834959  -0.4429283  -0.1524780
 45   2.5980762  -3.5000000   0.9565521  -0.2819796  -0.0741323
 46   2.5980762  -4.5000000   0.9273525  -0.3308582  -0.1747860
 47   4.3301270  -3.5000000   0.9173018  -0.3981894  -0.0016344
 48   4.3301270  -4.5000000   0.9383041  -0.3237909  -0.1214284
 49   6.0621778  -3.5000000   0.9757948  -0.1821364  -0.1210404
 50   6.0621778  -4.5000000   0.9342713  -0.2828616  -0.2170865
 51   7.7942286  -3.5000000   0.9273555  -0.3715396   0.0443866
 52   7.7942286  -4.5000000   0.8947465  -0.4304360  -0.1189686
 53   9.5262794  -3.5000000   0.9856339  -0.1174581  -0.1213644
 54   9.5262794  -4.5000000   0.9045100  -0.3554140  -0.2356747
 55  11.2583302  -3.5000000   0.9493982  -0.3101466  -0.0495199
 56  11.2583302  -4.5000000   0.9361220  -0.2963793  -0.1893009
 57  12.9903811  -3.5000000   0.9009829  -0.4331335  -0.0250026
 58  12.9903811  -4.5000000   0.8806371  -0.4499950  -0.1482661
 59  14.7224319  -3.5000000   0.9167632  -0.3612408  -0.1704418
 60  -2.5980762  -4.5000000   0.9637663  -0.2089846  -0.1657707
 61  -1.7320508  -5.0000000   0.9708982  -0.2007428  -0.1306101
 62  -1.7320508  -6.0000000   0.9434085  -0.1957747  -0.2676801
 63  -0.0000000  -5.0000000   0.9080358  -0.4171904  -0.0377234
 64  -0.0000000  -6.0000000   0.9300946  -0.3652305  -0.0391245
 65   1.7320508  -5.0000000   0.9275197  -0.3714914   0.0412484
 66   1.7320508  -6.0000000   0.9267038  -0.3624976  -0.0990735
 67   3.4641016  -5.0000000   0.9469514  -0.3145630  -0.0658267
 68   3.4641016  -6.0000000   0.9355121  -0.3240966  -0.1406361
 69   5.1961524  -5.0000000   0.9672273  -0.2538876  -0.0035163
 70   5.1961524  -6.0000000   0.8734408  -0.4277519  -0.2326575
 71   6.9282032  -5.0000000   0.9387906  -0.3432376  -0.0293295
 72   6.9282032  -6.0000000   0.9311639  -0.3170059  -0.1801139
 73   8.6602540  -5.0000000   0.8959813  -0.4417316  -0.0457231
 74   8.6602540  -6.0000000   0.9317020  -0.3542935   0.0800473
 75  10.3923048  -5.0000000   0.9204535  -0.3744706  -0.1119696
 76  10.3923048  -6.0000000   0.9269581  -0.3479351  -0.1403204
 77  12.1243557  -5.0000000   0.8750006  -0.4841204   0.0011546
 78  12.1243557  -6.0000000   0.9374884  -0.3447807  -0.0473475
 79  13.8564065  -5.0000000   0.9647741  -0.2621443  -0.0221663
 80  -3.4641016  -6.0000000   0.9452852  -0.2681376  -0.1858442
 81  -2.5980762  -6.5000000   0.9474837  -0.2840218  -0.1469907
 82  -2.5980762  -7.5000000   0.9836784  -0.0884116  -0.1567169
 83  -0.8660254  -6.5000000   0.9268177  -0.3174267  -0.2006220
 84  -0.8660254  -7.5000000   0.9496765  -0.3114075  -0.0337610
 85   0.8660254  -6.5000000   0.8939531  -0.3899153  -0.2209388
 86   0.8660254  -7.5000000   0.9473718  -0.2371783  -0.2150189
 87   2.5980762  -6.5000000   0.9365921  -0.3159298   0.1516031
 88   2.5980762  -7.5000000   0.9188110  -0.3850354  -0.0867990
 89   4.3301270  -6.5000000   0.8793817  -0.4627205   0.1121500
 90   4.3301270  -7.5000000   0.9416957  -0.3217853  -0.0983027
 91   6.0621778  -6.5000000   0.9842075  -0.1267034  -0.1236201
 92   6.0621778  -7.5000000   0.9429923  -0.2648419  -0.2015550
 93   7.7942286  -6.5000000   0.9325462  -0.3592155  -0.0363576
 94   7.7942286  -7.5000000   0.9411378  -0.2913098  -0.1714589
 95   9.5262794  -6.5000000   0.9036578  -0.3665293   0.2214921
 96   9.5262794  -7.5000000   0.9333314  -0.3516375  -0.0724132
 97  11.2583302  -6.5000000   0.9325361  -0.3603923   0.0222245
 98  11.2583302  -7.5000000   0.8668591  -0.4947582  -0.0613974
 99  12.9903811  -6.5000000   0.8995867  -0.4330131  -0.0569508
100  -4.3301270  -7.5000000   0.9657611  -0.2587559  -0.0187327
101  -3.4641016  -8.0000000   0.9738272  -0.2271198   0.0087899
102  -3.4641016  -9.0000000   0.9384830  -0.3102224  -0.1516962
103  -1.7320508  -8.0000000   0.9017954  -0.4317036   0.0199295
104  -1.7320508  -9.0000000   0.9225288  -0.3692570  -0.1122047
105  -0.0000000  -8.0000000   0.9687222  -0.2471459  -0.0222736
106  -0.0000000  -9.0000000   0.8651309  -0.4812479  -0.1412409
107   1.7320508  -8.0000000   0.9590706  -0.2801782   0.0410345
108   1.7320508  -9.0000000   0.9567821  -0.2883665  -0.0375879
109   3.4641016  -8.0000000   0.9070826  -0.4136303   0.0781733
110   3.4641016  -9.0000000   0.9167821  -0.3963445  -0.0492099
111   5.1961524  -8.0000000   0.9760245  -0.2132845  -0.0434262
112   5.1961524  -9.0000000   0.9544165  -0.2788798  -0.1063734
113   6.9282032  -8.0000000   0.9808872  -0.1568136  -0.1151944
114   6.9282032  -9.0000000   0.9235181  -0.2853810  -0.2562654
115   8.6602540  -8.0000000   0.9499868  -0.2777266  -0.1428042
116   8.6602540  -9.0000000   0.9322543  -0.2940428  -0.2108097
117  10.3923048  -8.0000000   0.9012003  -0.4322773   0.0312135
118  10.3923048  -9.0000000   0.9662474  -0.2557692   0.0307908
119  12.1243557  -8.0000000   0.9222798  -0.3384042  -0.1867687
120  -5.1961524  -9.0000000   0.9371394  -0.3130518  -0.1541699
121  -4.3301270  -9.5000000   0.9618716  -0.2649638  -0.0678027
122  -4.3301270 -10.5000000   0.9153785  -0.1916897  -0.3540301
123  -2.5980762  -9.5000000   0.9440001  -0.2833870  -0.1689843
124  -2.5980762 -10.5000000   0.9359452  -0.2663748  -0.2303279
125  -0.8660254  -9.5000000   0.9136390  -0.4044478   0.0410586
126  -0.8660254 -10.5000000   0.8826281  -0.4611541  -0.0911294
127   0.8660254  -9.5000000   0.9741203  -0.2260052  -0.0033561
128   0.8660254 -10.5000000   0.9210913  -0.3726593  -0.1127648
129   2.5980762  -9.5000000   0.9132945  -0.4059331  -0.0333378
130   2.5980762 -10.5000000   0.9297211  -0.3658619  -0.0419974
131   4.3301270  -9.5000000   0.9152020  -0.3776433   0.1406801
132   4.3301270 -10.5000000   0.8696300  -0.4830205  -0.1021512
133   6.0621778  -9.5000000   0.9663596  -0.2272004  -0.1205365
134   6.0621778 -10.5000000   0.9489974  -0.3102250  -0.0562523
135   7.7942286  -9.5000000   0.9509451  -0.2976357  -0.0843591
136   7.7942286 -10.5000000   0.9016075  -0.4087320  -0.1415697
137   9.5262794  -9.5000000   0.9491285  -0.1036056  -0.2973566
138   9.5262794 -10.5000000   0.9061373  -0.2390691  -0.3489428
139  11.2583302  -9.5000000   0.9151196  -0.3974211  -0.0679167
140  -6.0621778 -10.5000000   0.9277824  -0.3278290  -0.1781797
141  -5.1961524 -11.0000000   0.9787645  -0.2044820  -0.0143955
142  -5.1961524 -12.0000000   0.8862443  -0.4551621  -0.0860144
143  -3.4641016 -11.0000000   0.9687173  -0.2431517  -0.0496385
144  -3.4641016 -12.0000000   0.8989124  -0.3206648  -0.2985473
145  -1.7320508 -11.0000000   0.9121960  -0.3948283  -0.1095857
146  -1.7320508 -12.0000000   0.9221536  -0.2967854  -0.2480950
147  -0.0000000 -11.0000000   0.9008918  -0.3917253  -0.1869363
148  -0.0000000 -12.0000000   0.9360004  -0.3054920  -0.1748652
149   1.7320508 -11.0000000   0.8758040  -0.4681002  -0.1176844
150   1.7320508 -12.0000000   0.9381049  -0.3077623  -0.1588759
151   3.4641016 -11.0000000   0.7938231  -0.5760671  -0.1949144
152   3.4641016 -12.0000000   0.9086920  -0.3363896  -0.2472265
153   5.1961524 -11.0000000   0.9917495  -0.1276831  -0.0114039
154   5.1961524 -12.0000000   0.8557636  -0.4833856  -0.1844098
155   6.9282032 -11.0000000   0.9205108  -0.3836494   0.0739796
156   6.9282032 -12.0000000   0.9349655  -0.3547069   0.0047449
157   8.6602540 -11.0000000   0.9578315  -0.2833025   0.0479436
158   8.6602540 -12.0000000   0.9072434  -0.3843030  -0.1709401
159  10.3923048 -11.0000000   0.9650059  -0.2324651  -0.1213409
160  -6.9282032 -12.0000000   0.9479621  -0.2976412  -0.1130376
161  -6.0621778 -12.5000000   0.9187145  -0.3809645  -0.1040658
162  -6.0621778 -13.5000000   0.9089038  -0.4153269  -0.0373816
163  -4.3301270 -12.5000000   0.9620110  -0.2337227  -0.1410972
164  -4.3301270 -13.5000000   0.9061555  -0.3108639  -0.2867854
165  -2.5980762 -12.5000000   0.9456323  -0.2649083  -0.1886879
166  -2.5980762 -13.5000000   0.9488200  -0.2977128  -0.1053929
167  -0.8660254 -12.5000000   0.9115097  -0.3351561  -0.2383706
168  -0.8660254 -13.5000000   0.8782702  -0.2070014  -0.4310358
169   0.8660254 -12.5000000   0.9371880  -0.3146343  -0.1506119
170   0.8660254 -13.5000000   0.9314942  -0.3289627  -0.1552483
171   2.5980762 -12.5000000   0.8928556  -0.4492900   0.0307798
172   2.5980762 -13.5000000   0.9197163  -0.3813357  -0.0933010
173   4.3301270 -12.5000000   0.9291417  -0.3563506  -0.0985388
174   4.3301270 -13.5000000   0.9500438  -0.2902703  -0.1147165
175   6.0621778 -12.5000000   0.8566253  -0.4915952  -0.1566119
176   6.0621778 -13.5000000   0.8547032  -0.4585908  -0.2432629
177   7.7942286 -12.5000000   0.9068801  -0.4191398  -0.0434779
178   7.7942286 -13.5000000   0.9088366  -0.3953468  -0.1331047
179   9.5262794 -12.5000000   0.9529683  -0.2902801  -0.0871142
180  -7.7942286 -13.5000000   0.9600589  -0.2588973  -0.1061090
181  -6.9282032 -14.0000000   0.9163070  -0.3999588  -0.0203554
182  -6.9282032 -15.0000000   0.8867593  -0.4362893  -0.1526748
183  -5.1961524 -14.0000000   0.9470147  -0.3209924   0.0112665
184  -5.1961524 -15.0000000   0.9432300  -0.3182618  -0.0950084
185  -3.4641016 -14.0000000   0.9756253  -0.2176053  -0.0283421
186  -3.4641016 -15.0000000   0.9343601  -0.3390853  -0.1095100
187  -1.7320508 -14.0000000   0.9624294  -0.2668251  -0.0503379
188  -1.7320508 -15.0000000   0.9436952  -0.2324357  -0.2353997
189  -0.0000000 -14.0000000   0.9172486  -0.3881602  -0.0893681
190  -0.0000000 -15.0000000   0.9496024  -0.2914739  -0.1153181
191   1.7320508 -14.0000000   0.9487885  -0.2929596  -0.1182159
192   1.7320508 -15.0000000   0.9102309  -0.3896433  -0.1402066
193   3.4641016 -14.0000000   0.9568162  -0.2779886  -0.0850006
194   3.4641016 -15.0000000   0.9482925  -0.3145958  -0.0420808
195   5.1961524 -14.0000000   0.9404199  -0.3337918  -0.0647571
196   5.1961524 -15.0000000   0.8328972  -0.5487669  -0.0716743
197   6.9282032 -14.0000000   0.9101734  -0.3847939  -0.1533558
198   6.9282032 -15.0000000   0.9760038  -0.1981002  -0.0904040
199   8.6602540 -14.0000000   0.9634510  -0.2458293  -0.1064428
200  -8.6602540 -15.0000000   0.9355995  -0.2608301  -0.2379521
