site number 	 x-coord 	 y-cord 	 sx 	 sy 	 sy
  1   0.8660254  -0.5000000  -0.5239047   0.8515103   0.0213073
  2   0.8660254  -1.5000000  -0.5086979   0.8583183   0.0672026
  3   2.5980762  -0.5000000  -0.5486635   0.8356549  -0.0254820
  4   2.5980762  -1.5000000  -0.5912035   0.8060546  -0.0274680
  5   4.3301270  -0.5000000  -0.4853143   0.8728005  -0.0518577
  6   4.3301270  -1.5000000  -0.3563539   0.9208760  -0.1581114
  7   6.0621778  -0.5000000  -0.4714648   0.8798403  -0.0600167
  8   6.0621778  -1.5000000  -0.5554685   0.8267236  -0.0893463
  9   7.7942286  -0.5000000  -0.5154532   0.8569085  -0.0039754
 10   7.7942286  -1.5000000  -0.4942214   0.8660058  -0.0760211
 11   9.5262794  -0.5000000  -0.4884071   0.8490591   0.2013880
 12   9.5262794  -1.5000000  -0.4986005   0.8649816  -0.0566072
 13  11.2583302  -0.5000000  -0.4276804   0.9010582  -0.0719975
 14  11.2583302  -1.5000000  -0.4884814   0.8706940   0.0572533
 15  12.9903811  -0.5000000  -0.3933968   0.9166997   0.0700041
 16  12.9903811  -1.5000000  -0.5111776   0.8552927  -0.0846866
 17  14.7224319  -0.5000000  -0.4085933   0.9091983  -0.0800617
 18  14.7224319  -1.5000000  -0.4630387   0.8831104  -0.0755730
 19  16.4544827  -0.5000000  -0.5317333   0.8460196  -0.0388656
 20  -0.8660254  -1.5000000  -0.4354486   0.8999681  -0.0210201
 21  -0.0000000  -2.0000000  -0.5100376   0.8463460   0.1534931
 22  -0.0000000  -3.0000000  -0.3610914   0.9325216   0.0040472
 23   1.7320508  -2.0000000  -0.5984419   0.7877854   0.1458132
 24   1.7320508  -3.0000000  -0.5406251   0.8397045  -0.0511942
 25   3.4641016  -2.0000000  -0.4569266   0.8821446   0.1141885
 26   3.4641016  -3.0000000  -0.5334634   0.8418176  -0.0822189
 27   5.1961524  -2.0000000  -0.4722536   0.8812858  -0.0176618
 28   5.1961524  -3.0000000  -0.5139056   0.8551702  -0.0677121
 29   6.9282032  -2.0000000  -0.4790692   0.8745513   0.0751847
 30   6.9282032  -3.0000000  -0.5017984   0.8648623  -0.0145455
 31   8.6602540  -2.0000000  -0.4876435   0.8723470   0.0348517
 32   8.6602540  -3.0000000  -0.5314676   0.8447022  -0.0634062
 33  10.3923048  -2.0000000  -0.5234685   0.8462556  -0.0991577
 34  10.3923048  -3.0000000  -0.4813731   0.8736733  -0.0705325
 35  12.1243557  -2.0000000  -0.6163478   0.7874228  -0.0089811
 36  12.1243557  -3.0000000  -0.5923005   0.8047396   0.0396783
 37  13.8564065  -2.0000000  -0.4483033   0.8917445   0.0617729
 38  13.8564065  -3.0000000  -0.5041082   0.8506906  -0.1489980
 39  15.5884573  -2.0000000  -0.5367775   0.8434789   0.0203284
 40  -1.7320508  -3.0000000  -0.4393619   0.8956578  -0.0689797
 41  -0.8660254  -3.5000000  -0.5087045   0.8507732   0.1319268
 42  -0.8660254  -4.5000000  -0.4579920   0.8869708  -0.0593815
 43   0.8660254  -3.5000000  -0.4722497   0.8809835   0.0291252
 44   0.8660254  -4.5000000  -0.5148968   0.8551795   0.0595759
 45   2.5980762  -3.5000000  -0.3893220   0.9210117   0.0128777
 46   2.5980762  -4.5000000  -0.3715666   0.9215406  -0.1126994
 47   4.3301270  -3.5000000  -0.6180419   0.7706775   0.1551789
 48   4.3301270  -4.5000000  -0.6084087   0.7901182  -0.0745123
 49   6.0621778  -3.5000000  -0.4906260   0.8697320  -0.0534073
 50   6.0621778  -4.5000000  -0.5124171   0.8584522   0.0221047
 51   7.7942286  -3.5000000  -0.5716739   0.8202291   0.0203282
 52   7.7942286  -4.5000000  -0.4792133   0.8754174   0.0632374
 53   9.5262794  -3.5000000  -0.5607812   0.8258525  -0.0590943
 54   9.5262794  -4.5000000  -0.5664385   0.8238680   0.0197193
 55  11.2583302  -3.5000000  -0.6438015   0.7630046  -0.0578230
 56  11.2583302  -4.5000000  -0.5997855   0.8000878  -0.0108127
 57  12.9903811  -3.5000000  -0.5322318   0.8465894  -0.0039676
 58  12.9903811  -4.5000000  -0.5055466   0.8616725  -0.0440798
 59  14.7224319  -3.5000000  -0.4754825   0.8577761  -0.1952859
 60  -2.5980762  -4.5000000  -0.5115957   0.8168770  -0.2664241
 61  -1.7320508  -5.0000000  -0.5064683   0.8619814  -0.0218614
 62  -1.7320508  -6.0000000  -0.4586847   0.8885890  -0.0042322
 63  -0.0000000  -5.0000000  -0.4037598   0.9148425   0.0064190
 64  -0.0000000  -6.0000000  -0.4477005   0.8940598   0.0148790
 65   1.7320508  -5.0000000  -0.4588576   0.8885071   0.0022091
 66   1.7320508  -6.0000000  -0.3412195   0.9111427  -0.2310588
 67   3.4641016  -5.0000000  -0.4985696   0.8649798  -0.0569058
 68   3.4641016  -6.0000000  -0.4379716   0.8959034  -0.0744181
 69   5.1961524  -5.0000000  -0.5894601   0.8051230  -0.0656794
 70   5.1961524  -6.0000000  -0.3807700   0.9232187  -0.0517820
 71   6.9282032  -5.0000000  -0.5909505   0.8064482   0.0204640
 72   6.9282032  -6.0000000  -0.4849901   0.8458120  -0.2222312
 73   8.6602540  -5.0000000  -0.5797581   0.8098309  -0.0897466
 74   8.6602540  -6.0000000  -0.5390397   0.8413601  -0.0393625
 75  10.3923048  -5.0000000  -0.4837297   0.8745455   0.0342878
 76  10.3923048  -6.0000000  -0.5718797   0.8198053  -0.0295439
 77  12.1243557  -5.0000000  -0.5161425   0.8553931   0.0435851
 78  12.1243557  -6.0000000  -0.6262984   0.7795714   0.0043284
 79  13.8564065  -5.0000000  -0.3953274   0.9184457   0.0131779
 80  -3.4641016  -6.0000000  -0.3664455   0.9198552  -0.1399434
 81  -2.5980762  -6.5000000  -0.5252435   0.8443841  -0.1055211
 82  -2.5980762  -7.5000000  -0.4848627   0.8688965  -0.0996342
 83  -0.8660254  -6.5000000  -0.5037832   0.8437834  -0.1850191
 84  -0.8660254  -7.5000000  -0.5605250   0.7990638  -0.2175059
 85   0.8660254  -6.5000000  -0.4303005   0.9014810  -0.0466208
 86   0.8660254  -7.5000000  -0.4518620   0.8797627  -0.1477779
 87   2.5980762  -6.5000000  -0.5516541   0.8301650  -0.0806459
 88   2.5980762  -7.5000000  -0.6242480   0.7376842  -0.2571701
 89   4.3301270  -6.5000000  -0.4620807   0.8835677  -0.0760889
 90   4.3301270  -7.5000000  -0.4693107   0.8822335  -0.0375709
 91   6.0621778  -6.5000000  -0.4850547   0.8716000   0.0709607
 92   6.0621778  -7.5000000  -0.5255511   0.8391585   0.1400322
 93   7.7942286  -6.5000000  -0.5193084   0.8481153  -0.1049728
 94   7.7942286  -7.5000000  -0.4536909   0.8853423  -0.1016540
 95   9.5262794  -6.5000000  -0.4625694   0.8855541   0.0427017
 96   9.5262794  -7.5000000  -0.5125307   0.8578634  -0.0371843
 97  11.2583302  -6.5000000  -0.3798911   0.9215517  -0.0801578
 98  11.2583302  -7.5000000  -0.5283684   0.8490083  -0.0034238
 99  12.9903811  -6.5000000  -0.4279658   0.8957338  -0.1204420
100  -4.3301270  -7.5000000  -0.5434167   0.8148773  -0.2016762
101  -3.4641016  -8.0000000  -0.5191723   0.8439700  -0.1348138
102  -3.4641016  -9.0000000  -0.4224524   0.9050319  -0.0495093
103  -1.7320508  -8.0000000  -0.5941489   0.7998007   0.0854750
104  -1.7320508  -9.0000000  -0.6389910   0.7687528  -0.0266372
105  -0.0000000  -8.0000000  -0.3384245   0.9380051  -0.0749345
106  -0.0000000  -9.0000000  -0.3805294   0.9244719  -0.0234307
107   1.7320508  -8.0000000  -0.5516423   0.8329772  -0.0428915
108   1.7320508  -9.0000000  -0.5536683   0.8311504   0.0513856
109   3.4641016  -8.0000000  -0.5263731   0.8482329  -0.0585852
110   3.4641016  -9.0000000  -0.5179179   0.8285567  -0.2127317
111   5.1961524  -8.0000000  -0.6087337   0.7931387  -0.0193459
112   5.1961524  -9.0000000  -0.4782929   0.8733616   0.0920622
113   6.9282032  -8.0000000  -0.4286574   0.8935058   0.1337916
114   6.9282032  -9.0000000  -0.4445907   0.8957012   0.0076397
115   8.6602540  -8.0000000  -0.4148773   0.9069628  -0.0727690
116   8.6602540  -9.0000000  -0.5566348   0.8298674  -0.0384420
117  10.3923048  -8.0000000  -0.5602003   0.8283567   0.0008389
118  10.3923048  -9.0000000  -0.5795736   0.7948800  -0.1796112
119  12.1243557  -8.0000000  -0.5558425   0.8265458   0.0886626
120  -5.1961524  -9.0000000  -0.4160867   0.9069912   0.0651068
121  -4.3301270  -9.5000000  -0.3605512   0.9314147   0.0496934
122  -4.3301270 -10.5000000  -0.3822346   0.8902063  -0.2478497
123  -2.5980762  -9.5000000  -0.4581266   0.8808462  -0.1192897
124  -2.5980762 -10.5000000  -0.5714400   0.8062600  -0.1529744
125  -0.8660254  -9.5000000  -0.4600415   0.8875383   0.0252486
126  -0.8660254 -10.5000000  -0.4480894   0.8881688  -0.1018432
127   0.8660254  -9.5000000  -0.5761026   0.8136751  -0.0777079
128   0.8660254 -10.5000000  -0.3982738   0.9152098  -0.0613926
129   2.5980762  -9.5000000  -0.6220352   0.7800514   0.0677643
130   2.5980762 -10.5000000  -0.5916440   0.8060540  -0.0153086
131   4.3301270  -9.5000000  -0.5576826   0.8257244  -0.0846721
132   4.3301270 -10.5000000  -0.6565689   0.7486004  -0.0922753
133   6.0621778  -9.5000000  -0.4320975   0.8945756   0.1141321
134   6.0621778 -10.5000000  -0.5331679   0.8448871  -0.0435645
135   7.7942286  -9.5000000  -0.5998098   0.7952032   0.0887700
136   7.7942286 -10.5000000  -0.5395144   0.8385326   0.0760741
137   9.5262794  -9.5000000  -0.5104053   0.8598613  -0.0111815
138   9.5262794 -10.5000000  -0.4655921   0.8837410  -0.0471784
139  11.2583302  -9.5000000  -0.5224329   0.8517549  -0.0397178
140  -6.0621778 -10.5000000  -0.5417860   0.8360933  -0.0861160
141  -5.1961524 -11.0000000  -0.4596223   0.8843999  -0.0811429
142  -5.1961524 -12.0000000  -0.5097471   0.8590795  -0.0462643
143  -3.4641016 -11.0000000  -0.4870360   0.8674312  -0.1017792
144  -3.4641016 -12.0000000  -0.4065272   0.8860127  -0.2229734
145  -1.7320508 -11.0000000  -0.4690783   0.8796810  -0.0782739
146  -1.7320508 -12.0000000  -0.5166339   0.8561338   0.0111506
147  -0.0000000 -11.0000000  -0.5353631   0.8363077  -0.1182194
148  -0.0000000 -12.0000000  -0.3802083   0.9219308  -0.0740625
149   1.7320508 -11.0000000  -0.5362839   0.8401305   0.0811192
150   1.7320508 -12.0000000  -0.6131022   0.7856180  -0.0831262
151   3.4641016 -11.0000000  -0.5102056   0.8526139   0.1128704
152   3.4641016 -12.0000000  -0.3513746   0.9361263  -0.0142654
153   5.1961524 -11.0000000  -0.6249836   0.7799126   0.0336416
154   5.1961524 -12.0000000  -0.5305659   0.8471799   0.0280341
155   6.9282032 -11.0000000  -0.5314962   0.8450884  -0.0577712
156   6.9282032 -12.0000000  -0.5870877   0.8095002  -0.0061172
157   8.6602540 -11.0000000  -0.4735144   0.8802481   0.0307814
158   8.6602540 -12.0000000  -0.4291997   0.9031946   0.0052058
159  10.3923048 -11.0000000  -0.4828109   0.8755217  -0.0188525
160  -6.9282032 -12.0000000  -0.5630173   0.7977946  -0.2157205
161  -6.0621778 -12.5000000  -0.4956215   0.8685325   0.0032475
162  -6.0621778 -13.5000000  -0.4976172   0.8660614  -0.0481125
163  -4.3301270 -12.5000000  -0.3459677   0.9382123   0.0079991
164  -4.3301270 -13.5000000  -0.4488260   0.8905611  -0.0738658
165  -2.5980762 -12.5000000  -0.5473091   0.8317300  -0.0931557
166  -2.5980762 -13.5000000  -0.5372572   0.8417986  -0.0522478
167  -0.8660254 -12.5000000  -0.4354540   0.8993766  -0.0387483
168  -0.8660254 -13.5000000  -0.5138696   0.8400997  -0.1736968
169   0.8660254 -12.5000000  -0.6192978   0.7799196   0.0905303
170   0.8660254 -13.5000000  -0.5436014   0.8303724   0.1223892
171   2.5980762 -12.5000000  -0.4452879   0.8943163  -0.0437831
172   2.5980762 -13.5000000  -0.4329265   0.8981085  -0.0773034
173   4.3301270 -12.5000000  -0.5861143   0.8098802   0.0237521
174   4.3301270 -13.5000000  -0.5821890   0.8130145  -0.0079665
175   6.0621778 -12.5000000  -0.5749118   0.8145060   0.0778234
176   6.0621778 -13.5000000  -0.5885724   0.8044165   0.0806011
177   7.7942286 -12.5000000  -0.5777976   0.8081686   0.1140767
178   7.7942286 -13.5000000  -0.5523491   0.8332615   0.0242016
179   9.5262794 -12.5000000  -0.6331453   0.7740255   0.0034009
180  -7.7942286 -13.5000000  -0.5796690   0.8132084  -0.0517295
181  -6.9282032 -14.0000000  -0.4919409   0.8704857   0.0157701
182  -6.9282032 -15.0000000  -0.5549580   0.8258495  -0.0999713
183  -5.1961524 -14.0000000  -0.4157053   0.9079677  -0.0527607
184  -5.1961524 -15.0000000  -0.4876578   0.8487445  -0.2045056
185  -3.4641016 -14.0000000  -0.5663769   0.8241140  -0.0073077
186  -3.4641016 -15.0000000  -0.4072212   0.9062721  -0.1133220
187  -1.7320508 -14.0000000  -0.2455076   0.9693943   0.0008024
188  -1.7320508 -15.0000000  -0.3779052   0.9241503  -0.0559801
189  -0.0000000 -14.0000000  -0.4886103   0.8720985   0.0265375
190  -0.0000000 -15.0000000  -0.4841298   0.8721567  -0.0704344
191   1.7320508 -14.0000000  -0.4812275   0.8761357  -0.0283949
192   1.7320508 -15.0000000  -0.5446380   0.8285108  -0.1301511
193   3.4641016 -14.0000000  -0.4629258   0.8863947   0.0020320
194   3.4641016 -15.0000000  -0.4834226   0.8737680   0.0532178
195   5.1961524 -14.0000000  -0.5735290   0.8138997   0.0929076
196   5.1961524 -15.0000000  -0.4247841   0.8776365  -0.2220644
197   6.9282032 -14.0000000  -0.5726848   0.8076783   0.1403133
198   6.9282032 -15.0000000  -0.5579990   0.8290666  -0.0358567
199   8.6602540 -14.0000000  -0.5690101   0.8216274   0.0339991
200  -8.6602540 -15.0000000  -0.5468120   0.8371505   0.0132517
