site number 	 x-coord 	 y-cord 	 sx 	 sy 	 sy
  1   0.8660254  -0.5000000   0.9628360  -0.0185232  -0.2694507
  2   0.8660254  -1.5000000   0.8907317   0.2772289  -0.3601960
  3   2.5980762  -0.5000000   0.9508030   0.0466514  -0.3062633
  4   2.5980762  -1.5000000   0.8969722   0.0571626  -0.4383758
  5   4.3301270  -0.5000000   0.9976778  -0.0592044  -0.0336722
  6   4.3301270  -1.5000000   0.9724944  -0.0839984  -0.2172532
  7   6.0621778  -0.5000000   0.9683898   0.0880451  -0.2333865
  8   6.0621778  -1.5000000   0.8921487   0.0031682  -0.4517307
  9   7.7942286  -0.5000000   0.9294884   0.1559019  -0.3342842
 10   7.7942286  -1.5000000   0.9003432   0.0057529  -0.4351424
 11   9.5262794  -0.5000000   0.9402157   0.1083813  -0.3228745
 12   9.5262794  -1.5000000   0.9025386   0.1020471  -0.4183425
 13  11.2583302  -0.5000000   0.9747519   0.0233143  -0.2220702
 14  11.2583302  -1.5000000   0.9486443   0.0218411  -0.3155898
 15  12.9903811  -0.5000000   0.8090875   0.0782822  -0.5824511
 16  12.9903811  -1.5000000   0.8487263   0.1290532  -0.5128441
 17  14.7224319  -0.5000000   0.9732656  -0.0901784  -0.2112389
 18  14.7224319  -1.5000000   0.9564425  -0.0829450  -0.2798892
 19  16.4544827  -0.5000000   0.9891924   0.0154502  -0.1458068
 20  -0.8660254  -1.5000000   0.9189368  -0.2139440  -0.3313354
 21  -0.0000000  -2.0000000   0.9725661   0.1451520  -0.1817857
 22  -0.0000000  -3.0000000   0.8667241  -0.2118944  -0.4515419
 23   1.7320508  -2.0000000   0.9122977   0.0810588  -0.4014255
 24   1.7320508  -3.0000000   0.8789796   0.1928769  -0.4361116
 25   3.4641016  -2.0000000   0.8889967  -0.0514594  -0.4550129
 26   3.4641016  -3.0000000   0.8951365   0.0371027  -0.4442455
 27   5.1961524  -2.0000000   0.9954785   0.0664380  -0.0678862
 28   5.1961524  -3.0000000   0.9407282  -0.1945477  -0.2778158
 29   6.9282032  -2.0000000   0.9670831   0.0043534  -0.2544237
 30   6.9282032  -3.0000000   0.8944634   0.2294452  -0.3837840
 31   8.6602540  -2.0000000   0.9808897  -0.0891703  -0.1729277
 32   8.6602540  -3.0000000   0.9024390  -0.1244290  -0.4124577
 33  10.3923048  -2.0000000   0.8711655   0.2982074  -0.3900552
 34  10.3923048  -3.0000000   0.8793851   0.1021774  -0.4650180
 35  12.1243557  -2.0000000   0.9903872   0.0173915  -0.1372249
 36  12.1243557  -3.0000000   0.9577436  -0.1218998  -0.2605142
 37  13.8564065  -2.0000000   0.9547204  -0.0727247  -0.2884789
 38  13.8564065  -3.0000000   0.9436049  -0.0547343  -0.3265179
 39  15.5884573  -2.0000000   0.9692316  -0.2268750  -0.0954880
 40  -1.7320508  -3.0000000   0.9798663  -0.0530983  -0.1924644
 41  -0.8660254  -3.5000000   0.9679119  -0.2471309   0.0455290
 42  -0.8660254  -4.5000000   0.9508933  -0.3095190  -0.0000213
 43   0.8660254  -3.5000000   0.9326263   0.1226935  -0.3393442
 44   0.8660254  -4.5000000   0.9676329  -0.0342372  -0.2500286
 45   2.5980762  -3.5000000   0.9133220   0.1644099  -0.3725753
 46   2.5980762  -4.5000000   0.8799307   0.0027874  -0.4750939
 47   4.3301270  -3.5000000   0.9303374  -0.2687052  -0.2495392
 48   4.3301270  -4.5000000   0.9544120   0.0515940  -0.2939997
 49   6.0621778  -3.5000000   0.9799081   0.1147650  -0.1631230
 50   6.0621778  -4.5000000   0.9151911   0.0261425  -0.4021713
 51   7.7942286  -3.5000000   0.9441454  -0.1547432  -0.2909363
 52   7.7942286  -4.5000000   0.9569452   0.0162104  -0.2898155
 53   9.5262794  -3.5000000   0.9672705   0.0565192  -0.2473729
 54   9.5262794  -4.5000000   0.9290544   0.0670065  -0.3638243
 55  11.2583302  -3.5000000   0.9210092  -0.0785223  -0.3815446
 56  11.2583302  -4.5000000   0.9044091  -0.0208187  -0.4261581
 57  12.9903811  -3.5000000   0.9252520  -0.1087668  -0.3634261
 58  12.9903811  -4.5000000   0.9074383   0.0954712  -0.4091956
 59  14.7224319  -3.5000000   0.9296091   0.0121438  -0.3683469
 60  -2.5980762  -4.5000000   0.9291615   0.0837513  -0.3600619
 61  -1.7320508  -5.0000000   0.9228810  -0.1308423  -0.3621752
 62  -1.7320508  -6.0000000   0.9300595   0.0624888  -0.3620559
 63  -0.0000000  -5.0000000   0.9956483   0.0103903  -0.0926092
 64  -0.0000000  -6.0000000   0.9136350  -0.1448585  -0.3798514
 65   1.7320508  -5.0000000   0.9965454   0.0359647  -0.0748589
 66   1.7320508  -6.0000000   0.9399483  -0.1350208  -0.3134751
 67   3.4641016  -5.0000000   0.9230004   0.0537758  -0.3810229
 68   3.4641016  -6.0000000   0.8068626   0.1962747  -0.5571794
 69   5.1961524  -5.0000000   0.9861005   0.1365897  -0.0945992
 70   5.1961524  -6.0000000   0.9928073  -0.0670497  -0.0991863
 71   6.9282032  -5.0000000   0.9248042  -0.0271940  -0.3794702
 72   6.9282032  -6.0000000   0.9403200   0.0394776  -0.3379937
 73   8.6602540  -5.0000000   0.9744371   0.0526403  -0.2184062
 74   8.6602540  -6.0000000   0.9445371   0.0943770  -0.3145514
 75  10.3923048  -5.0000000   0.9635383   0.0976854  -0.2491014
 76  10.3923048  -6.0000000   0.9273322  -0.0832765  -0.3648562
 77  12.1243557  -5.0000000   0.9717519   0.1215938  -0.2022699
 78  12.1243557  -6.0000000   0.9406224  -0.0838072  -0.3289466
 79  13.8564065  -5.0000000   0.9888025   0.0697584  -0.1319216
 80  -3.4641016  -6.0000000   0.9818497  -0.0081748  -0.1894842
 81  -2.5980762  -6.5000000   0.9769368   0.1553532  -0.1464921
 82  -2.5980762  -7.5000000   0.9307934  -0.0594441  -0.3606799
 83  -0.8660254  -6.5000000   0.9653538  -0.0309040  -0.2591079
 84  -0.8660254  -7.5000000   0.9225340   0.0421113  -0.3836113
 85   0.8660254  -6.5000000   0.9902799  -0.0735393  -0.1180578
 86   0.8660254  -7.5000000   0.9514342   0.0525761  -0.3033294
 87   2.5980762  -6.5000000   0.9699490   0.1275667  -0.2071853
 88   2.5980762  -7.5000000   0.9539491   0.0754119  -0.2903344
 89   4.3301270  -6.5000000   0.9124141  -0.0712787  -0.4030134
 90   4.3301270  -7.5000000   0.9266298   0.1479259  -0.3456516
 91   6.0621778  -6.5000000   0.9613061  -0.0040487  -0.2754526
 92   6.0621778  -7.5000000   0.9481076   0.1095759  -0.2984712
 93   7.7942286  -6.5000000   0.9395759   0.0247552  -0.3414445
 94   7.7942286  -7.5000000   0.8700058   0.0886001  -0.4850154
 95   9.5262794  -6.5000000   0.9962638  -0.0186218  -0.0843312
 96   9.5262794  -7.5000000   0.9360599  -0.3106735  -0.1651480
 97  11.2583302  -6.5000000   0.9080868  -0.0984478  -0.4070459
 98  11.2583302  -7.5000000   0.9407027   0.2043208  -0.2707976
 99  12.9903811  -6.5000000   0.9501476   0.0354859  -0.3097745
100  -4.3301270  -7.5000000   0.8938739   0.0716461  -0.4425564
101  -3.4641016  -8.0000000   0.9425884   0.0113439  -0.3337640
102  -3.4641016  -9.0000000   0.9591692   0.0738198  -0.2730296
103  -1.7320508  -8.0000000   0.9721433  -0.0065906  -0.2342947
104  -1.7320508  -9.0000000   0.9747618  -0.0183075  -0.2224958
105  -0.0000000  -8.0000000   0.9634965  -0.0593509  -0.2610592
106  -0.0000000  -9.0000000   0.8904637   0.2565352  -0.3758511
107   1.7320508  -8.0000000   0.9655807   0.1031778  -0.2387639
108   1.7320508  -9.0000000   0.9213790   0.1459472  -0.3602224
109   3.4641016  -8.0000000   0.9640229   0.1857951  -0.1901054
110   3.4641016  -9.0000000   0.9312781   0.1735049  -0.3203391
111   5.1961524  -8.0000000   0.9656338  -0.0458232  -0.2558353
112   5.1961524  -9.0000000   0.8770318   0.3191856  -0.3590762
113   6.9282032  -8.0000000   0.9835820   0.0210539  -0.1792295
114   6.9282032  -9.0000000   0.9477892  -0.1018054  -0.3022108
115   8.6602540  -8.0000000   0.9476730  -0.0986151  -0.3036296
116   8.6602540  -9.0000000   0.9437748   0.1390471  -0.2999250
117  10.3923048  -8.0000000   0.9847277   0.0666238  -0.1608500
118  10.3923048  -9.0000000   0.9600038   0.1364443  -0.2444904
119  12.1243557  -8.0000000   0.9230063   0.1166076  -0.3666906
120  -5.1961524  -9.0000000   0.8443239   0.1635991  -0.5102474
121  -4.3301270  -9.5000000   0.9477954   0.0727368  -0.3104725
122  -4.3301270 -10.5000000   0.9487764  -0.1589233  -0.2730690
123  -2.5980762  -9.5000000   0.9734560  -0.0173110  -0.2282186
124  -2.5980762 -10.5000000   0.9024639   0.0297439  -0.4297373
125  -0.8660254  -9.5000000   0.9433016   0.3246292  -0.0692681
126  -0.8660254 -10.5000000   0.8341846   0.0324002  -0.5505327
127   0.8660254  -9.5000000   0.9049349   0.1172650  -0.4090743
128   0.8660254 -10.5000000   0.9247440   0.0228115  -0.3799055
129   2.5980762  -9.5000000   0.9504909   0.1332093  -0.2807532
130   2.5980762 -10.5000000   0.9080092  -0.0953435  -0.4079569
131   4.3301270  -9.5000000   0.9025827   0.3352082  -0.2701480
132   4.3301270 -10.5000000   0.7976806   0.0437772  -0.6014891
133   6.0621778  -9.5000000   0.9693104  -0.0853022  -0.2305665
134   6.0621778 -10.5000000   0.9265587  -0.1365963  -0.3504717
135   7.7942286  -9.5000000   0.9844352   0.1412171  -0.1046191
136   7.7942286 -10.5000000   0.9467253  -0.2109810  -0.2433068
137   9.5262794  -9.5000000   0.9423055   0.2036884  -0.2656527
138   9.5262794 -10.5000000   0.8665008  -0.0027019  -0.4991684
139  11.2583302  -9.5000000   0.9944978   0.0667373  -0.0807486
140  -6.0621778 -10.5000000   0.9011187  -0.1551489  -0.4048629
141  -5.1961524 -11.0000000   0.9567145  -0.0938726  -0.2754728
142  -5.1961524 -12.0000000   0.9525601  -0.1294086  -0.2754680
143  -3.4641016 -11.0000000   0.9219200   0.1879848  -0.3387110
144  -3.4641016 -12.0000000   0.9299021   0.0082183  -0.3677153
145  -1.7320508 -11.0000000   0.9048991   0.1159513  -0.4095276
146  -1.7320508 -12.0000000   0.8694028   0.1799404  -0.4601741
147  -0.0000000 -11.0000000   0.9169046   0.0172768  -0.3987323
148  -0.0000000 -12.0000000   0.8736209   0.0997224  -0.4762793
149   1.7320508 -11.0000000   0.9818098  -0.1509419  -0.1151785
150   1.7320508 -12.0000000   0.9656518   0.1067977  -0.2368775
151   3.4641016 -11.0000000   0.9522693  -0.0801805  -0.2945408
152   3.4641016 -12.0000000   0.9125936   0.0506489  -0.4057186
153   5.1961524 -11.0000000   0.8735961   0.0561257  -0.4834044
154   5.1961524 -12.0000000   0.7988328   0.1648535  -0.5785235
155   6.9282032 -11.0000000   0.9860559  -0.0607620  -0.1549251
156   6.9282032 -12.0000000   0.9765016   0.0125187  -0.2151460
157   8.6602540 -11.0000000   0.9629928   0.0837067  -0.2561994
158   8.6602540 -12.0000000   0.9526532   0.0589318  -0.2982932
159  10.3923048 -11.0000000   0.9466376  -0.1085435  -0.3034724
160  -6.9282032 -12.0000000   0.9237798  -0.1255166  -0.3617686
161  -6.0621778 -12.5000000   0.9368395  -0.0466378  -0.3466363
162  -6.0621778 -13.5000000   0.8631544   0.1417512  -0.4846350
163  -4.3301270 -12.5000000   0.9832731   0.0798873  -0.1636829
164  -4.3301270 -13.5000000   0.9363827   0.0360971  -0.3491195
165  -2.5980762 -12.5000000   0.9823014   0.1160920  -0.1469918
166  -2.5980762 -13.5000000   0.8981228   0.0002557  -0.4397446
167  -0.8660254 -12.5000000   0.9435196   0.1536297  -0.2935450
168  -0.8660254 -13.5000000   0.9339957   0.0648508  -0.3513493
169   0.8660254 -12.5000000   0.9085956   0.2088398  -0.3617180
170   0.8660254 -13.5000000   0.8794094   0.1957238  -0.4339716
171   2.5980762 -12.5000000   0.9356014   0.1749156  -0.3066832
172   2.5980762 -13.5000000   0.8810579   0.1843378  -0.4356106
173   4.3301270 -12.5000000   0.9123646   0.2534430  -0.3214926
174   4.3301270 -13.5000000   0.9076514   0.0716746  -0.4135597
175   6.0621778 -12.5000000   0.9652031   0.0564432  -0.2553372
176   6.0621778 -13.5000000   0.9499171   0.2086559  -0.2326376
177   7.7942286 -12.5000000   0.9682929   0.1027317  -0.2277173
178   7.7942286 -13.5000000   0.8667145   0.1105632  -0.4863967
179   9.5262794 -12.5000000   0.9608999  -0.0537152  -0.2716357
180  -7.7942286 -13.5000000   0.9807489  -0.0084380  -0.1950907
181  -6.9282032 -14.0000000   0.9917975   0.0882535  -0.0924614
182  -6.9282032 -15.0000000   0.8963534   0.0983397  -0.4322960
183  -5.1961524 -14.0000000   0.9673396  -0.0082280  -0.2533503
184  -5.1961524 -15.0000000   0.9545199   0.0195368  -0.2975065
185  -3.4641016 -14.0000000   0.9579657  -0.0911089  -0.2720309
186  -3.4641016 -15.0000000   0.9526422  -0.0612555  -0.2978600
187  -1.7320508 -14.0000000   0.9553815   0.1518244  -0.2533682
188  -1.7320508 -15.0000000   0.9268143   0.0822812  -0.3663948
189  -0.0000000 -14.0000000   0.8980237   0.2266306  -0.3770836
190  -0.0000000 -15.0000000   0.8266525   0.1822811  -0.5323713
191   1.7320508 -14.0000000   0.9528778   0.1407905  -0.2687042
192   1.7320508 -15.0000000   0.9422567   0.0448943  -0.3318686
193   3.4641016 -14.0000000   0.8822782   0.1756822  -0.4367161
194   3.4641016 -15.0000000   0.8867391   0.0179391  -0.4619220
195   5.1961524 -14.0000000   0.9135724   0.1999334  -0.3541358
196   5.1961524 -15.0000000   0.8878454   0.0947672  -0.4502774
197   6.9282032 -14.0000000   0.9504880   0.1905633  -0.2454754
198   6.9282032 -15.0000000   0.9470014  -0.0213454  -0.3205194
199   8.6602540 -14.0000000   0.9471269   0.0034133  -0.3208410
200  -8.6602540 -15.0000000   0.8863020   0.2047797  -0.4153722
