site number 	 x-coord 	 y-cord 	 sx 	 sy 	 sy
  1   0.8660254  -0.5000000  -0.2374880   0.9712905  -0.0139367
  2   0.8660254  -1.5000000  -0.3250897   0.9305231  -0.1686520
  3   2.5980762  -0.5000000  -0.4554127   0.8817636  -0.1228500
  4   2.5980762  -1.5000000  -0.4050157   0.9127056  -0.0541371
  5   4.3301270  -0.5000000  -0.4670247   0.8840581  -0.0181435
  6   4.3301270  -1.5000000  -0.5413215   0.8393884   0.0489716
  7   6.0621778  -0.5000000  -0.2152600   0.9654730  -0.1467139
  8   6.0621778  -1.5000000  -0.3542197   0.9235392  -0.1469823
  9   7.7942286  -0.5000000  -0.4006629   0.9161194  -0.0139471
 10   7.7942286  -1.5000000  -0.4194998   0.9077504   0.0030112
 11   9.5262794  -0.5000000  -0.3241687   0.9424105   0.0823235
 12   9.5262794  -1.5000000  -0.4180536   0.9042310  -0.0871640
 13  11.2583302  -0.5000000  -0.3857154   0.9223708   0.0213467
 14  11.2583302  -1.5000000  -0.3947839   0.8913595  -0.2227643
 15  12.9903811  -0.5000000  -0.4414435   0.8927973  -0.0896697
 16  12.9903811  -1.5000000  -0.4292765   0.8920944  -0.1410294
 17  14.7224319  -0.5000000  -0.2631794   0.9528037  -0.1513330
 18  14.7224319  -1.5000000  -0.3144215   0.9368098  -0.1533835
 19  16.4544827  -0.5000000  -0.3007653   0.9484298  -0.1001052
 20  -0.8660254  -1.5000000  -0.3660001   0.9256002  -0.0964784
 21  -0.0000000  -2.0000000  -0.3815683   0.9214775   0.0726971
 22  -0.0000000  -3.0000000  -0.4107824   0.9113886  -0.0250742
 23   1.7320508  -2.0000000  -0.4623683   0.8819081  -0.0919437
 24   1.7320508  -3.0000000  -0.3446109   0.9192308  -0.1904156
 25   3.4641016  -2.0000000  -0.5294463   0.8478916  -0.0276832
 26   3.4641016  -3.0000000  -0.5389003   0.8423684   0.0014306
 27   5.1961524  -2.0000000  -0.3452210   0.9359614   0.0692733
 28   5.1961524  -3.0000000  -0.4495364   0.8931465   0.0143685
 29   6.9282032  -2.0000000  -0.4493535   0.8767212  -0.1715850
 30   6.9282032  -3.0000000  -0.4264168   0.9029112  -0.0540385
 31   8.6602540  -2.0000000  -0.5239944   0.8516246   0.0128604
 32   8.6602540  -3.0000000  -0.4335558   0.8897221  -0.1429127
 33  10.3923048  -2.0000000  -0.4126306   0.9107843   0.0144221
 34  10.3923048  -3.0000000  -0.4117788   0.9108107  -0.0293617
 35  12.1243557  -2.0000000  -0.3113966   0.9500071   0.0227755
 36  12.1243557  -3.0000000  -0.2963792   0.9184018  -0.2621020
 37  13.8564065  -2.0000000  -0.4845439   0.8728834  -0.0573733
 38  13.8564065  -3.0000000  -0.3177975   0.9477285  -0.0285561
 39  15.5884573  -2.0000000  -0.3203775   0.9442749  -0.0755198
 40  -1.7320508  -3.0000000  -0.3490354   0.9349247  -0.0639534
 41  -0.8660254  -3.5000000  -0.3836348   0.9199349  -0.0808957
 42  -0.8660254  -4.5000000  -0.3420882   0.9382107  -0.0523100
 43   0.8660254  -3.5000000  -0.4079830   0.9129622  -0.0070640
 44   0.8660254  -4.5000000  -0.3598839   0.9305603  -0.0673882
 45   2.5980762  -3.5000000  -0.4953189   0.8685647   0.0159572
 46   2.5980762  -4.5000000  -0.5186794   0.8360753  -0.1787448
 47   4.3301270  -3.5000000  -0.4010767   0.9117210  -0.0888946
 48   4.3301270  -4.5000000  -0.3982130   0.9050552  -0.1493367
 49   6.0621778  -3.5000000  -0.5199828   0.8500145   0.0842219
 50   6.0621778  -4.5000000  -0.4905123   0.8666396   0.0912875
 51   7.7942286  -3.5000000  -0.5126552   0.8575296  -0.0427502
 52   7.7942286  -4.5000000  -0.3382165   0.9407459  -0.0246307
 53   9.5262794  -3.5000000  -0.3543061   0.9346813  -0.0289504
 54   9.5262794  -4.5000000  -0.4568720   0.8731230  -0.1700711
 55  11.2583302  -3.5000000  -0.2277283   0.9725386  -0.0480456
 56  11.2583302  -4.5000000  -0.3514606   0.8697387  -0.3464534
 57  12.9903811  -3.5000000  -0.4823091   0.8733369  -0.0682680
 58  12.9903811  -4.5000000  -0.3370147   0.9164494  -0.2157351
 59  14.7224319  -3.5000000  -0.4225963   0.8996980   0.1093431
 60  -2.5980762  -4.5000000  -0.4770908   0.8784651   0.0261427
 61  -1.7320508  -5.0000000  -0.4686758   0.8829892   0.0259428
 62  -1.7320508  -6.0000000  -0.4879950   0.8480515  -0.2065658
 63  -0.0000000  -5.0000000  -0.4507612   0.8924374   0.0192316
 64  -0.0000000  -6.0000000  -0.3627868   0.9130405  -0.1863940
 65   1.7320508  -5.0000000  -0.3633687   0.9300892  -0.0538261
 66   1.7320508  -6.0000000  -0.2422781   0.9627896  -0.1197394
 67   3.4641016  -5.0000000  -0.4032973   0.9014247  -0.1574321
 68   3.4641016  -6.0000000  -0.3705266   0.9254829  -0.0786858
 69   5.1961524  -5.0000000  -0.3859255   0.9216979   0.0391719
 70   5.1961524  -6.0000000  -0.3828475   0.8725470  -0.3034625
 71   6.9282032  -5.0000000  -0.4943856   0.8690899  -0.0163005
 72   6.9282032  -6.0000000  -0.4382321   0.8964967   0.0651640
 73   8.6602540  -5.0000000  -0.4764434   0.8760540  -0.0743721
 74   8.6602540  -6.0000000  -0.5188641   0.8530811  -0.0550699
 75  10.3923048  -5.0000000  -0.2922171   0.9557878  -0.0328456
 76  10.3923048  -6.0000000  -0.2936987   0.9383555  -0.1822911
 77  12.1243557  -5.0000000  -0.3749042   0.9216665  -0.0998879
 78  12.1243557  -6.0000000  -0.4128536   0.9043391  -0.1082712
 79  13.8564065  -5.0000000  -0.4904334   0.8709739  -0.0296573
 80  -3.4641016  -6.0000000  -0.4418925   0.8942964  -0.0704633
 81  -2.5980762  -6.5000000  -0.4007022   0.9143671   0.0580570
 82  -2.5980762  -7.5000000  -0.4254026   0.8922827  -0.1512095
 83  -0.8660254  -6.5000000  -0.1583724   0.9814816  -0.1077595
 84  -0.8660254  -7.5000000  -0.2967119   0.9313657  -0.2109976
 85   0.8660254  -6.5000000  -0.4495839   0.8889877  -0.0870354
 86   0.8660254  -7.5000000  -0.4877549   0.8592793  -0.1540592
 87   2.5980762  -6.5000000  -0.3161116   0.9472489  -0.0528496
 88   2.5980762  -7.5000000  -0.3637916   0.9159124  -0.1695883
 89   4.3301270  -6.5000000  -0.3707121   0.9247767   0.0857936
 90   4.3301270  -7.5000000  -0.4380974   0.8786841  -0.1896969
 91   6.0621778  -6.5000000  -0.3341267   0.9392606  -0.0784153
 92   6.0621778  -7.5000000  -0.3592585   0.9169944  -0.1733629
 93   7.7942286  -6.5000000  -0.3915840   0.8998587   0.1921359
 94   7.7942286  -7.5000000  -0.5057505   0.8555211   0.1109058
 95   9.5262794  -6.5000000  -0.4196862   0.9076679  -0.0016062
 96   9.5262794  -7.5000000  -0.4327468   0.8899189  -0.1441339
 97  11.2583302  -6.5000000  -0.4069684   0.9089662  -0.0903170
 98  11.2583302  -7.5000000  -0.2972405   0.9201543  -0.2548806
 99  12.9903811  -6.5000000  -0.4100500   0.9120355   0.0070878
100  -4.3301270  -7.5000000  -0.3796200   0.9140293  -0.1429656
101  -3.4641016  -8.0000000  -0.3229177   0.9452421  -0.0473438
102  -3.4641016  -9.0000000  -0.4086488   0.9022837  -0.1374416
103  -1.7320508  -8.0000000  -0.4159612   0.8974893  -0.1465923
104  -1.7320508  -9.0000000  -0.4276685   0.8940934  -0.1330288
105  -0.0000000  -8.0000000  -0.3724089   0.9250435  -0.0748738
106  -0.0000000  -9.0000000  -0.3993947   0.8913751  -0.2143230
107   1.7320508  -8.0000000  -0.3848938   0.9197688  -0.0766950
108   1.7320508  -9.0000000  -0.4180647   0.9062360  -0.0629146
109   3.4641016  -8.0000000  -0.3156254   0.9488719  -0.0047676
110   3.4641016  -9.0000000  -0.5560904   0.8292937  -0.0550952
111   5.1961524  -8.0000000  -0.5692062   0.8219744   0.0190357
112   5.1961524  -9.0000000  -0.4962920   0.8665023  -0.0535536
113   6.9282032  -8.0000000  -0.4049958   0.9123073  -0.0606114
114   6.9282032  -9.0000000  -0.4300796   0.8931372  -0.1316716
115   8.6602540  -8.0000000  -0.3046579   0.9465258   0.1061719
116   8.6602540  -9.0000000  -0.3969437   0.9113421  -0.1090470
117  10.3923048  -8.0000000  -0.3568469   0.9280424  -0.1067596
118  10.3923048  -9.0000000  -0.3185684   0.9342306  -0.1603974
119  12.1243557  -8.0000000  -0.2768549   0.9585289  -0.0676288
120  -5.1961524  -9.0000000  -0.3315497   0.9385708   0.0957057
121  -4.3301270  -9.5000000  -0.3844333   0.9155980   0.1178611
122  -4.3301270 -10.5000000  -0.4124954   0.9109327   0.0070056
123  -2.5980762  -9.5000000  -0.2583515   0.9640838  -0.0616193
124  -2.5980762 -10.5000000  -0.2450329   0.9684235  -0.0459875
125  -0.8660254  -9.5000000  -0.4156829   0.9079395  -0.0534198
126  -0.8660254 -10.5000000  -0.3858804   0.9221698  -0.0264415
127   0.8660254  -9.5000000  -0.4137509   0.9099881   0.0270531
128   0.8660254 -10.5000000  -0.3873813   0.9150275  -0.1125181
129   2.5980762  -9.5000000  -0.3607296   0.9316890  -0.0427764
130   2.5980762 -10.5000000  -0.3697243   0.9287831   0.0258043
131   4.3301270  -9.5000000  -0.5160023   0.8517804  -0.0906188
132   4.3301270 -10.5000000  -0.4625310   0.8837075  -0.0715971
133   6.0621778  -9.5000000  -0.4929178   0.8676435   0.0650134
134   6.0621778 -10.5000000  -0.5005302   0.8652878  -0.0273229
135   7.7942286  -9.5000000  -0.3278909   0.9399148  -0.0951191
136   7.7942286 -10.5000000  -0.3932113   0.9115729  -0.1200824
137   9.5262794  -9.5000000  -0.4057928   0.9121058  -0.0582687
138   9.5262794 -10.5000000  -0.4029892   0.8511711  -0.3363144
139  11.2583302  -9.5000000  -0.4498115   0.8931140  -0.0041290
140  -6.0621778 -10.5000000  -0.4070862   0.9088661   0.0907923
141  -5.1961524 -11.0000000  -0.4293853   0.9024803   0.0340225
142  -5.1961524 -12.0000000  -0.3039352   0.9516843   0.0438215
143  -3.4641016 -11.0000000  -0.4405042   0.8927455  -0.0946655
144  -3.4641016 -12.0000000  -0.5007168   0.8637350   0.0569604
145  -1.7320508 -11.0000000  -0.3712138   0.9254397  -0.0759051
146  -1.7320508 -12.0000000  -0.3545601   0.9008990  -0.2503359
147  -0.0000000 -11.0000000  -0.3502164   0.9348695   0.0580305
148  -0.0000000 -12.0000000  -0.2666550   0.9612956  -0.0693246
149   1.7320508 -11.0000000  -0.5007557   0.8616348  -0.0826387
150   1.7320508 -12.0000000  -0.5265248   0.8501515  -0.0037374
151   3.4641016 -11.0000000  -0.3734647   0.9238308  -0.0840288
152   3.4641016 -12.0000000  -0.3133157   0.9295269  -0.1944556
153   5.1961524 -11.0000000  -0.4712822   0.8812420   0.0361341
154   5.1961524 -12.0000000  -0.3425877   0.9385477  -0.0419760
155   6.9282032 -11.0000000  -0.4047299   0.9132412  -0.0467344
156   6.9282032 -12.0000000  -0.4446398   0.8954818  -0.0201960
157   8.6602540 -11.0000000  -0.4379882   0.8932309   0.1015130
158   8.6602540 -12.0000000  -0.4641641   0.8855607   0.0182718
159  10.3923048 -11.0000000  -0.4590377   0.8598470  -0.2234893
160  -6.9282032 -12.0000000  -0.4002279   0.9017887  -0.1630790
161  -6.0621778 -12.5000000  -0.4795038   0.8768152  -0.0356535
162  -6.0621778 -13.5000000  -0.4263194   0.9011704  -0.0783820
163  -4.3301270 -12.5000000  -0.3630144   0.9305176   0.0485536
164  -4.3301270 -13.5000000  -0.5356802   0.8360267  -0.1187685
165  -2.5980762 -12.5000000  -0.3423014   0.9379203   0.0559927
166  -2.5980762 -13.5000000  -0.4155546   0.9073675  -0.0632341
167  -0.8660254 -12.5000000  -0.4769068   0.8740401  -0.0928104
168  -0.8660254 -13.5000000  -0.3680555   0.9279706   0.0583584
169   0.8660254 -12.5000000  -0.6395547   0.7677058   0.0399694
170   0.8660254 -13.5000000  -0.5387812   0.8384779   0.0816679
171   2.5980762 -12.5000000  -0.3090992   0.9444064  -0.1120454
172   2.5980762 -13.5000000  -0.3227722   0.9455665  -0.0414977
173   4.3301270 -12.5000000  -0.3157171   0.9223752  -0.2225908
174   4.3301270 -13.5000000  -0.2770168   0.9442551  -0.1778874
175   6.0621778 -12.5000000  -0.4530719   0.8894569   0.0599353
176   6.0621778 -13.5000000  -0.3566654   0.9244750  -0.1346688
177   7.7942286 -12.5000000  -0.3613231   0.9304681   0.0606200
178   7.7942286 -13.5000000  -0.5037911   0.8616172  -0.0617280
179   9.5262794 -12.5000000  -0.3549467   0.9128833   0.2016355
180  -7.7942286 -13.5000000  -0.3911187   0.9193386  -0.0429260
181  -6.9282032 -14.0000000  -0.4889704   0.8520145  -0.1870277
182  -6.9282032 -15.0000000  -0.4210515   0.9055823  -0.0513451
183  -5.1961524 -14.0000000  -0.3645297   0.9303286   0.0400856
184  -5.1961524 -15.0000000  -0.2940135   0.9525738  -0.0784807
185  -3.4641016 -14.0000000  -0.4189062   0.9075402   0.0298064
186  -3.4641016 -15.0000000  -0.4880097   0.8642083   0.1224361
187  -1.7320508 -14.0000000  -0.4657225   0.8793636   0.0991069
188  -1.7320508 -15.0000000  -0.5124160   0.8517767  -0.1091161
189  -0.0000000 -14.0000000  -0.3183126   0.9433825   0.0933089
190  -0.0000000 -15.0000000  -0.2938146   0.9541907  -0.0565079
191   1.7320508 -14.0000000  -0.4180247   0.9055748  -0.0720397
192   1.7320508 -15.0000000  -0.4707517   0.8448369  -0.2542507
193   3.4641016 -14.0000000  -0.3178861   0.9446597  -0.0810336
194   3.4641016 -15.0000000  -0.3173968   0.9423901  -0.1056417
195   5.1961524 -14.0000000  -0.5042276   0.8635569   0.0049069
196   5.1961524 -15.0000000  -0.3933996   0.9038166  -0.1683815
197   6.9282032 -14.0000000  -0.2955200   0.9550328   0.0240902
198   6.9282032 -15.0000000  -0.2747067   0.9479491  -0.1610239
199   8.6602540 -14.0000000  -0.4067594   0.9135262  -0.0040969
200  -8.6602540 -15.0000000  -0.5163097   0.8216272  -0.2415637
