site number 	 x-coord 	 y-cord 	 sx 	 sy 	 sy
  1   0.8660254  -0.5000000   0.9436886  -0.3212424  -0.0790895
  2   0.8660254  -1.5000000   0.9682478  -0.1115017  -0.2237491
  3   2.5980762  -0.5000000   0.9495297  -0.2088883  -0.2340064
  4   2.5980762  -1.5000000   0.9609794  -0.2153292  -0.1736432
  5   4.3301270  -0.5000000   0.9710966  -0.2348208  -0.0427844
  6   4.3301270  -1.5000000   0.9364687  -0.3363310  -0.0995382
  7   6.0621778  -0.5000000   0.9375514  -0.3350162  -0.0936032
  8   6.0621778  -1.5000000   0.9180872  -0.3318129  -0.2168317
  9   7.7942286  -0.5000000   0.9467776  -0.3135134   0.0729485
 10   7.7942286  -1.5000000   0.9408351  -0.3291434  -0.0805853
 11   9.5262794  -0.5000000   0.9637296  -0.2578194  -0.0689523
 12   9.5262794  -1.5000000   0.9220857  -0.3484258  -0.1683965
 13  11.2583302  -0.5000000   0.9140972  -0.3996988  -0.0683164
 14  11.2583302  -1.5000000   0.9478154  -0.2703152  -0.1690434
 15  12.9903811  -0.5000000   0.8852143  -0.4651386  -0.0064550
 16  12.9903811  -1.5000000   0.9451362  -0.3253923  -0.0289394
 17  14.7224319  -0.5000000   0.9577227  -0.0761876  -0.2774216
 18  14.7224319  -1.5000000   0.9666740  -0.2178718  -0.1344369
 19  16.4544827  -0.5000000   0.9128142  -0.3227385  -0.2502200
 20  -0.8660254  -1.5000000   0.8563115  -0.3726302  -0.3575995
 21  -0.0000000  -2.0000000   0.9753811  -0.1289558  -0.1788916
 22  -0.0000000  -3.0000000   0.8627466  -0.4120811  -0.2930145
 23   1.7320508  -2.0000000   0.9310638  -0.3638910  -0.0265235
 24   1.7320508  -3.0000000   0.9822320  -0.1815070  -0.0477023
 25   3.4641016  -2.0000000   0.9045933  -0.4236698  -0.0470620
 26   3.4641016  -3.0000000   0.9329482  -0.3566186  -0.0493030
 27   5.1961524  -2.0000000   0.9048947  -0.3675418  -0.2146593
 28   5.1961524  -3.0000000   0.9601480  -0.2346025  -0.1519130
 29   6.9282032  -2.0000000   0.9519904  -0.2689404  -0.1462371
 30   6.9282032  -3.0000000   0.9262879  -0.2432635  -0.2877737
 31   8.6602540  -2.0000000   0.9496683  -0.2223020  -0.2207076
 32   8.6602540  -3.0000000   0.9161913  -0.3725145  -0.1477380
 33  10.3923048  -2.0000000   0.8770673  -0.4717318  -0.0906758
 34  10.3923048  -3.0000000   0.8859521  -0.3857473  -0.2574642
 35  12.1243557  -2.0000000   0.9640403  -0.2620151  -0.0444342
 36  12.1243557  -3.0000000   0.9508417  -0.2807382  -0.1307138
 37  13.8564065  -2.0000000   0.9688336  -0.2475249  -0.0096384
 38  13.8564065  -3.0000000   0.9216579  -0.3729716   0.1069524
 39  15.5884573  -2.0000000   0.9147393  -0.3490879  -0.2034445
 40  -1.7320508  -3.0000000   0.9825885  -0.0944936  -0.1599715
 41  -0.8660254  -3.5000000   0.9038535  -0.4235175  -0.0606776
 42  -0.8660254  -4.5000000   0.9372548  -0.2859364  -0.1994838
 43   0.8660254  -3.5000000   0.9283318  -0.1734006  -0.3288346
 44   0.8660254  -4.5000000   0.8484598  -0.3586390  -0.3892223
 45   2.5980762  -3.5000000   0.8910454  -0.4023001   0.2102205
 46   2.5980762  -4.5000000   0.9599994  -0.2678299  -0.0816597
 47   4.3301270  -3.5000000   0.9599694  -0.2197507  -0.1736907
 48   4.3301270  -4.5000000   0.9335774  -0.3027727  -0.1917338
 49   6.0621778  -3.5000000   0.9548254  -0.2851221  -0.0837488
 50   6.0621778  -4.5000000   0.9546759  -0.1695913  -0.2446073
 51   7.7942286  -3.5000000   0.9108484  -0.3766601  -0.1687675
 52   7.7942286  -4.5000000   0.9382036  -0.2416702  -0.2477287
 53   9.5262794  -3.5000000   0.9190339  -0.3865031  -0.0774088
 54   9.5262794  -4.5000000   0.9374568  -0.2980652  -0.1798105
 55  11.2583302  -3.5000000   0.9161933  -0.3982143  -0.0448912
 56  11.2583302  -4.5000000   0.9391562  -0.3331367  -0.0836996
 57  12.9903811  -3.5000000   0.9353069  -0.3536314   0.0120788
 58  12.9903811  -4.5000000   0.9025349  -0.3935997  -0.1746712
 59  14.7224319  -3.5000000   0.9869822  -0.1546575   0.0441275
 60  -2.5980762  -4.5000000   0.9487888  -0.2889487  -0.1277048
 61  -1.7320508  -5.0000000   0.9147489  -0.4025413  -0.0345677
 62  -1.7320508  -6.0000000   0.8683255  -0.4926735  -0.0573032
 63  -0.0000000  -5.0000000   0.9205291  -0.3893909   0.0316385
 64  -0.0000000  -6.0000000   0.9282318  -0.3707645   0.0303232
 65   1.7320508  -5.0000000   0.8757258  -0.3322159  -0.3503384
 66   1.7320508  -6.0000000   0.8468258  -0.5118764  -0.1444599
 67   3.4641016  -5.0000000   0.9341307  -0.3424089  -0.1007769
 68   3.4641016  -6.0000000   0.8944168  -0.4472335  -0.0009246
 69   5.1961524  -5.0000000   0.9715400  -0.2365992  -0.0114394
 70   5.1961524  -6.0000000   0.9439244  -0.3284348  -0.0337234
 71   6.9282032  -5.0000000   0.9665593  -0.2463959  -0.0710792
 72   6.9282032  -6.0000000   0.8945508  -0.4373594  -0.0921715
 73   8.6602540  -5.0000000   0.9611315  -0.2759906  -0.0074476
 74   8.6602540  -6.0000000   0.9223371  -0.3612194  -0.1371672
 75  10.3923048  -5.0000000   0.9216700  -0.3811154  -0.0726323
 76  10.3923048  -6.0000000   0.9209801  -0.3500437  -0.1710702
 77  12.1243557  -5.0000000   0.9199717  -0.3919770   0.0024854
 78  12.1243557  -6.0000000   0.8977224  -0.4134651  -0.1521216
 79  13.8564065  -5.0000000   0.9790836  -0.1438237  -0.1439100
 80  -3.4641016  -6.0000000   0.8635219  -0.4353060  -0.2546344
 81  -2.5980762  -6.5000000   0.8923846  -0.4145158  -0.1783995
 82  -2.5980762  -7.5000000   0.9045654  -0.4243177  -0.0414224
 83  -0.8660254  -6.5000000   0.9324915  -0.3534656  -0.0743082
 84  -0.8660254  -7.5000000   0.8721679  -0.4807571  -0.0905308
 85   0.8660254  -6.5000000   0.9113954  -0.4074852  -0.0575688
 86   0.8660254  -7.5000000   0.9656222  -0.2418480  -0.0953064
 87   2.5980762  -6.5000000   0.9319324  -0.3416512   0.1215581
 88   2.5980762  -7.5000000   0.8990615  -0.4374435  -0.0182086
 89   4.3301270  -6.5000000   0.9471370  -0.3204207  -0.0161868
 90   4.3301270  -7.5000000   0.8879711  -0.3882434  -0.2465248
 91   6.0621778  -6.5000000   0.9345406  -0.3558520   0.0018137
 92   6.0621778  -7.5000000   0.8740934  -0.4849742   0.0275826
 93   7.7942286  -6.5000000   0.9309154  -0.3644141  -0.0244735
 94   7.7942286  -7.5000000   0.9462249  -0.2635876  -0.1875634
 95   9.5262794  -6.5000000   0.9011661  -0.4215289  -0.1010598
 96   9.5262794  -7.5000000   0.9549965  -0.2874401  -0.0732116
 97  11.2583302  -6.5000000   0.8771321  -0.4797161  -0.0226236
 98  11.2583302  -7.5000000   0.8965888  -0.4346524  -0.0848869
 99  12.9903811  -6.5000000   0.8825993  -0.4414908   0.1615686
100  -4.3301270  -7.5000000   0.9069975  -0.4207758   0.0174145
101  -3.4641016  -8.0000000   0.8960893  -0.4436293  -0.0147287
102  -3.4641016  -9.0000000   0.9087729  -0.4123483  -0.0640360
103  -1.7320508  -8.0000000   0.8946364  -0.4091749   0.1794482
104  -1.7320508  -9.0000000   0.8868458  -0.4593062   0.0504210
105  -0.0000000  -8.0000000   0.9482466  -0.2874352  -0.1349423
106  -0.0000000  -9.0000000   0.9616594  -0.2389122  -0.1346558
107   1.7320508  -8.0000000   0.9474677  -0.3161707  -0.0483837
108   1.7320508  -9.0000000   0.8297590  -0.5535623  -0.0711953
109   3.4641016  -8.0000000   0.9266477  -0.3748749   0.0281589
110   3.4641016  -9.0000000   0.9452404  -0.3219290  -0.0536867
111   5.1961524  -8.0000000   0.8206893  -0.5526010  -0.1452628
112   5.1961524  -9.0000000   0.9589802  -0.2602628  -0.1123401
113   6.9282032  -8.0000000   0.9652956  -0.2557131  -0.0530576
114   6.9282032  -9.0000000   0.9260297  -0.3698689  -0.0752733
115   8.6602540  -8.0000000   0.9283697  -0.3716410  -0.0035706
116   8.6602540  -9.0000000   0.9441073  -0.2843143  -0.1668134
117  10.3923048  -8.0000000   0.9035905  -0.4115226   0.1190517
118  10.3923048  -9.0000000   0.9127550  -0.4085054   0.0012637
119  12.1243557  -8.0000000   0.9413692  -0.3298611   0.0708220
120  -5.1961524  -9.0000000   0.9444041  -0.3248474  -0.0507457
121  -4.3301270  -9.5000000   0.8550375  -0.5138307  -0.0699209
122  -4.3301270 -10.5000000   0.9913892  -0.1234586  -0.0436516
123  -2.5980762  -9.5000000   0.9431486  -0.3249908  -0.0696541
124  -2.5980762 -10.5000000   0.9436345  -0.3075142  -0.1224292
125  -0.8660254  -9.5000000   0.9645069  -0.2428816   0.1036099
126  -0.8660254 -10.5000000   0.9425755  -0.3302352  -0.0499605
127   0.8660254  -9.5000000   0.8248429  -0.5515998  -0.1239835
128   0.8660254 -10.5000000   0.9592511  -0.2674526  -0.0911397
129   2.5980762  -9.5000000   0.9443371  -0.2991145  -0.1369600
130   2.5980762 -10.5000000   0.9677777  -0.2009322  -0.1517650
131   4.3301270  -9.5000000   0.9239238  -0.3773561  -0.0629863
132   4.3301270 -10.5000000   0.9691921  -0.2360504  -0.0703344
133   6.0621778  -9.5000000   0.9011184  -0.4009321  -0.1650430
134   6.0621778 -10.5000000   0.9053687  -0.4200470  -0.0621931
135   7.7942286  -9.5000000   0.9563317  -0.2891277   0.0428360
136   7.7942286 -10.5000000   0.9373771  -0.2783730  -0.2093623
137   9.5262794  -9.5000000   0.8890223  -0.4377721  -0.1341453
138   9.5262794 -10.5000000   0.9211447  -0.3093235  -0.2362443
139  11.2583302  -9.5000000   0.9829640  -0.1801942   0.0362193
140  -6.0621778 -10.5000000   0.9343905  -0.2770057  -0.2240139
141  -5.1961524 -11.0000000   0.9771826  -0.0344560  -0.2095878
142  -5.1961524 -12.0000000   0.9072148  -0.2061690  -0.3666820
143  -3.4641016 -11.0000000   0.8881615  -0.4579904  -0.0376017
144  -3.4641016 -12.0000000   0.9337301  -0.3482836  -0.0827448
145  -1.7320508 -11.0000000   0.9618907  -0.2728432   0.0179704
146  -1.7320508 -12.0000000   0.9121201  -0.4098866   0.0054635
147  -0.0000000 -11.0000000   0.9417029  -0.2943376  -0.1629754
148  -0.0000000 -12.0000000   0.8798175  -0.4575428  -0.1287468
149   1.7320508 -11.0000000   0.9796128  -0.2008406  -0.0046747
150   1.7320508 -12.0000000   0.9823140  -0.1851836  -0.0276796
151   3.4641016 -11.0000000   0.9810570  -0.1837499  -0.0613439
152   3.4641016 -12.0000000   0.9562632  -0.2924513  -0.0057455
153   5.1961524 -11.0000000   0.9555592  -0.2947358  -0.0061235
154   5.1961524 -12.0000000   0.9454876  -0.2624117  -0.1928557
155   6.9282032 -11.0000000   0.9465704  -0.3208522  -0.0325330
156   6.9282032 -12.0000000   0.9771524  -0.1156096  -0.1783470
157   8.6602540 -11.0000000   0.9366889  -0.3475002  -0.0430992
158   8.6602540 -12.0000000   0.9385513  -0.2801550  -0.2015803
159  10.3923048 -11.0000000   0.9450283  -0.2983084  -0.1339165
160  -6.9282032 -12.0000000   0.9445137  -0.2218190  -0.2422607
161  -6.0621778 -12.5000000   0.9549615  -0.2565295  -0.1491348
162  -6.0621778 -13.5000000   0.9530919  -0.2381666  -0.1867956
163  -4.3301270 -12.5000000   0.8776773  -0.4410249  -0.1875623
164  -4.3301270 -13.5000000   0.9458383  -0.2299615  -0.2291455
165  -2.5980762 -12.5000000   0.9246974  -0.3786810  -0.0391834
166  -2.5980762 -13.5000000   0.9400567  -0.3212159  -0.1145149
167  -0.8660254 -12.5000000   0.8837209  -0.4551875  -0.1088198
168  -0.8660254 -13.5000000   0.8959999  -0.3997024  -0.1934483
169   0.8660254 -12.5000000   0.9530528  -0.3001010  -0.0403692
170   0.8660254 -13.5000000   0.8720179  -0.4521941  -0.1873641
171   2.5980762 -12.5000000   0.9232398  -0.3842101   0.0032865
172   2.5980762 -13.5000000   0.9643299  -0.2592151  -0.0536227
173   4.3301270 -12.5000000   0.9820856  -0.1852485   0.0345082
174   4.3301270 -13.5000000   0.9184046  -0.3752802  -0.1252906
175   6.0621778 -12.5000000   0.9952680  -0.0646923  -0.0725015
176   6.0621778 -13.5000000   0.9851364  -0.1700893  -0.0239982
177   7.7942286 -12.5000000   0.9673951  -0.2414179  -0.0765783
178   7.7942286 -13.5000000   0.9403705  -0.3147083  -0.1290812
179   9.5262794 -12.5000000   0.9629938  -0.2629372  -0.0592194
180  -7.7942286 -13.5000000   0.9245906  -0.2221928  -0.3094553
181  -6.9282032 -14.0000000   0.9102737  -0.3708813  -0.1839804
182  -6.9282032 -15.0000000   0.9208806  -0.2554842  -0.2944601
183  -5.1961524 -14.0000000   0.9118489  -0.3927797  -0.1193972
184  -5.1961524 -15.0000000   0.9802253  -0.0944878  -0.1738690
185  -3.4641016 -14.0000000   0.8982569  -0.4393210  -0.0114732
186  -3.4641016 -15.0000000   0.8884739  -0.4256638  -0.1715353
187  -1.7320508 -14.0000000   0.8579210  -0.5135724  -0.0146598
188  -1.7320508 -15.0000000   0.9376888  -0.3396595   0.0732885
189  -0.0000000 -14.0000000   0.9304184  -0.3468113   0.1185053
190  -0.0000000 -15.0000000   0.9511796  -0.3072680   0.0290460
191   1.7320508 -14.0000000   0.9600020  -0.2615347  -0.0999787
192   1.7320508 -15.0000000   0.9471399  -0.2413832  -0.2113294
193   3.4641016 -14.0000000   0.9144310  -0.3797684  -0.1399713
194   3.4641016 -15.0000000   0.8537934  -0.4902750  -0.1751208
195   5.1961524 -14.0000000   0.9862467   0.0388659  -0.1606454
196   5.1961524 -15.0000000   0.8267882  -0.4540626  -0.3320367
197   6.9282032 -14.0000000   0.9662640  -0.2539364  -0.0430130
198   6.9282032 -15.0000000   0.9582835  -0.2037125  -0.2004842
199   8.6602540 -14.0000000   0.9647139  -0.2401630  -0.1079300
200  -8.6602540 -15.0000000   0.9397661  -0.2865072  -0.1864223
