site number 	 x-coord 	 y-cord 	 sx 	 sy 	 sy
  1   0.8660254  -0.5000000   0.8463277   0.3217736  -0.4244892
  2   0.8660254  -1.5000000   0.8288991   0.0261717  -0.5587856
  3   2.5980762  -0.5000000   0.9558188   0.1692926  -0.2403132
  4   2.5980762  -1.5000000   0.8862806   0.1368930  -0.4424557
  5   4.3301270  -0.5000000   0.8459628   0.2484278  -0.4718374
  6   4.3301270  -1.5000000   0.8453864   0.2702427  -0.4607502
  7   6.0621778  -0.5000000   0.9220056   0.1608641  -0.3521767
  8   6.0621778  -1.5000000   0.8634961   0.2589084  -0.4328289
  9   7.7942286  -0.5000000   0.8997691   0.0023228  -0.4363601
 10   7.7942286  -1.5000000   0.8682025   0.2056746  -0.4515777
 11   9.5262794  -0.5000000   0.8392859   0.3060454  -0.4493722
 12   9.5262794  -1.5000000   0.8334214   0.3028350  -0.4622767
 13  11.2583302  -0.5000000   0.9232301   0.2153651  -0.3182201
 14  11.2583302  -1.5000000   0.7819164   0.4193707  -0.4612320
 15  12.9903811  -0.5000000   0.9105736   0.1244367  -0.3941716
 16  12.9903811  -1.5000000   0.8754711   0.1056987  -0.4715699
 17  14.7224319  -0.5000000   0.8956059   0.2949113  -0.3330426
 18  14.7224319  -1.5000000   0.9011206   0.0561288  -0.4299200
 19  16.4544827  -0.5000000   0.9164706   0.2857258  -0.2800758
 20  -0.8660254  -1.5000000   0.8577480   0.2433686  -0.4528135
 21  -0.0000000  -2.0000000   0.9368606   0.0999019  -0.3351296
 22  -0.0000000  -3.0000000   0.8858352   0.1571309  -0.4365843
 23   1.7320508  -2.0000000   0.7868571   0.2372300  -0.5697173
 24   1.7320508  -3.0000000   0.6932243   0.1165814  -0.7112305
 25   3.4641016  -2.0000000   0.8409993   0.2986569  -0.4511366
 26   3.4641016  -3.0000000   0.7936203   0.1454780  -0.5907647
 27   5.1961524  -2.0000000   0.8730421   0.3386100  -0.3509142
 28   5.1961524  -3.0000000   0.9256177   0.1405725  -0.3513847
 29   6.9282032  -2.0000000   0.9626144   0.1671758  -0.2131333
 30   6.9282032  -3.0000000   0.9108304   0.0030911  -0.4127693
 31   8.6602540  -2.0000000   0.8786726   0.2542077  -0.4041199
 32   8.6602540  -3.0000000   0.8104461   0.4069391  -0.4213997
 33  10.3923048  -2.0000000   0.9231598   0.3448960  -0.1697726
 34  10.3923048  -3.0000000   0.9355724   0.0674528  -0.3466329
 35  12.1243557  -2.0000000   0.8983099   0.2198333  -0.3804113
 36  12.1243557  -3.0000000   0.8834329  -0.0028569  -0.4685491
 37  13.8564065  -2.0000000   0.9603263   0.1391621  -0.2416760
 38  13.8564065  -3.0000000   0.8348496   0.1065631  -0.5400652
 39  15.5884573  -2.0000000   0.9052101   0.2302746  -0.3571671
 40  -1.7320508  -3.0000000   0.8976252   0.2374100  -0.3713564
 41  -0.8660254  -3.5000000   0.9276776   0.0776923  -0.3652098
 42  -0.8660254  -4.5000000   0.8437759  -0.0613464  -0.5331781
 43   0.8660254  -3.5000000   0.9232432   0.1509239  -0.3533327
 44   0.8660254  -4.5000000   0.9127201   0.0700201  -0.4025410
 45   2.5980762  -3.5000000   0.8882487   0.0638865  -0.4548985
 46   2.5980762  -4.5000000   0.8955086   0.1250931  -0.4271019
 47   4.3301270  -3.5000000   0.9045842   0.0304671  -0.4252048
 48   4.3301270  -4.5000000   0.9380933   0.2052868  -0.2789952
 49   6.0621778  -3.5000000   0.9686004   0.1291585  -0.2124413
 50   6.0621778  -4.5000000   0.9230747   0.2299521  -0.3083102
 51   7.7942286  -3.5000000   0.8679834   0.3151685  -0.3837624
 52   7.7942286  -4.5000000   0.9078286   0.1221919  -0.4011437
 53   9.5262794  -3.5000000   0.8713579  -0.0469511  -0.4883963
 54   9.5262794  -4.5000000   0.8634860   0.2681996  -0.4271544
 55  11.2583302  -3.5000000   0.9516256  -0.0921039  -0.2931306
 56  11.2583302  -4.5000000   0.9058403   0.2433336  -0.3467594
 57  12.9903811  -3.5000000   0.9135707   0.2002031  -0.3539877
 58  12.9903811  -4.5000000   0.8761542   0.1479119  -0.4587765
 59  14.7224319  -3.5000000   0.9010052   0.3049732  -0.3085141
 60  -2.5980762  -4.5000000   0.7829286   0.1782480  -0.5960289
 61  -1.7320508  -5.0000000   0.9325519   0.0493003  -0.3576541
 62  -1.7320508  -6.0000000   0.8700778   0.2178328  -0.4421691
 63  -0.0000000  -5.0000000   0.9429166   0.0863167  -0.3216484
 64  -0.0000000  -6.0000000   0.9272696   0.1744711  -0.3312567
 65   1.7320508  -5.0000000   0.9253801   0.1495900  -0.3482737
 66   1.7320508  -6.0000000   0.9415855   0.0310306  -0.3353415
 67   3.4641016  -5.0000000   0.8710269   0.3546870  -0.3398667
 68   3.4641016  -6.0000000   0.8734830  -0.0056239  -0.4868221
 69   5.1961524  -5.0000000   0.8515950   0.4285361  -0.3018986
 70   5.1961524  -6.0000000   0.6438660   0.3196078  -0.6951888
 71   6.9282032  -5.0000000   0.8986219   0.1641905  -0.4068417
 72   6.9282032  -6.0000000   0.8791146   0.2483364  -0.4068004
 73   8.6602540  -5.0000000   0.9239116   0.2225408  -0.3112282
 74   8.6602540  -6.0000000   0.8999753   0.0671044  -0.4307453
 75  10.3923048  -5.0000000   0.8906336   0.3354505  -0.3069930
 76  10.3923048  -6.0000000   0.8064413   0.0792427  -0.5859804
 77  12.1243557  -5.0000000   0.9844383   0.0616833  -0.1645489
 78  12.1243557  -6.0000000   0.9498149   0.1366231  -0.2813999
 79  13.8564065  -5.0000000   0.9213952   0.1712342  -0.3488692
 80  -3.4641016  -6.0000000   0.8314340   0.2013738  -0.5178476
 81  -2.5980762  -6.5000000   0.8990962   0.2519073  -0.3580066
 82  -2.5980762  -7.5000000   0.9199113  -0.1217344  -0.3727518
 83  -0.8660254  -6.5000000   0.9331107   0.0760813  -0.3514485
 84  -0.8660254  -7.5000000   0.8829286   0.1300736  -0.4511297
 85   0.8660254  -6.5000000   0.9008626   0.1495192  -0.4075421
 86   0.8660254  -7.5000000   0.8603876   0.2453907  -0.4466729
 87   2.5980762  -6.5000000   0.9661096   0.0148079  -0.2577073
 88   2.5980762  -7.5000000   0.9158534   0.3288785  -0.2303291
 89   4.3301270  -6.5000000   0.9120455   0.3593460  -0.1975944
 90   4.3301270  -7.5000000   0.9067629   0.3174808  -0.2774653
 91   6.0621778  -6.5000000   0.7721151   0.3917466  -0.5003728
 92   6.0621778  -7.5000000   0.8044365   0.2214692  -0.5512108
 93   7.7942286  -6.5000000   0.9009664   0.1488138  -0.4075709
 94   7.7942286  -7.5000000   0.8579940   0.2296325  -0.4594727
 95   9.5262794  -6.5000000   0.9382418   0.1636861  -0.3048100
 96   9.5262794  -7.5000000   0.9084505   0.1513826  -0.3896164
 97  11.2583302  -6.5000000   0.7656047   0.3395048  -0.5464302
 98  11.2583302  -7.5000000   0.7923095   0.2828876  -0.5405740
 99  12.9903811  -6.5000000   0.9726842   0.1166501  -0.2006944
100  -4.3301270  -7.5000000   0.9384264  -0.0456772  -0.3424464
101  -3.4641016  -8.0000000   0.9848949   0.0151229  -0.1724916
102  -3.4641016  -9.0000000   0.9718531  -0.0858597  -0.2193846
103  -1.7320508  -8.0000000   0.9481285   0.0985219  -0.3022348
104  -1.7320508  -9.0000000   0.9299060   0.2539897  -0.2660152
105  -0.0000000  -8.0000000   0.9540366   0.2382052  -0.1818584
106  -0.0000000  -9.0000000   0.8928042   0.2885407  -0.3458974
107   1.7320508  -8.0000000   0.8261611   0.3365234  -0.4518958
108   1.7320508  -9.0000000   0.7089742   0.5475270  -0.4444882
109   3.4641016  -8.0000000   0.9151342   0.2129373  -0.3423260
110   3.4641016  -9.0000000   0.8601518  -0.0040634  -0.5100220
111   5.1961524  -8.0000000   0.9675067   0.2424227  -0.0718467
112   5.1961524  -9.0000000   0.8959993   0.0466583  -0.4415973
113   6.9282032  -8.0000000   0.8182791   0.2672410  -0.5089219
114   6.9282032  -9.0000000   0.7751535   0.2120466  -0.5951246
115   8.6602540  -8.0000000   0.8833463   0.1763537  -0.4342795
116   8.6602540  -9.0000000   0.9007430   0.1758252  -0.3971744
117  10.3923048  -8.0000000   0.9522004   0.1372344  -0.2729123
118  10.3923048  -9.0000000   0.8670148   0.0260111  -0.4976029
119  12.1243557  -8.0000000   0.9041792   0.0362680  -0.4256110
120  -5.1961524  -9.0000000   0.8116433   0.3874771  -0.4371461
121  -4.3301270  -9.5000000   0.9161511  -0.0601396  -0.3962958
122  -4.3301270 -10.5000000   0.8732189   0.3449955  -0.3441901
123  -2.5980762  -9.5000000   0.9164444   0.2530719  -0.3099746
124  -2.5980762 -10.5000000   0.9214621   0.1738095  -0.3474161
125  -0.8660254  -9.5000000   0.9345489   0.2629532  -0.2397374
126  -0.8660254 -10.5000000   0.8283426   0.2054210  -0.5212013
127   0.8660254  -9.5000000   0.8437460   0.4627173  -0.2720026
128   0.8660254 -10.5000000   0.7836382   0.2265965  -0.5784161
129   2.5980762  -9.5000000   0.8922594   0.0407303  -0.4496823
130   2.5980762 -10.5000000   0.8787747   0.1698698  -0.4459813
131   4.3301270  -9.5000000   0.9515219   0.1744308  -0.2533375
132   4.3301270 -10.5000000   0.9352803  -0.0435984  -0.3512122
133   6.0621778  -9.5000000   0.9027663   0.0910653  -0.4203809
134   6.0621778 -10.5000000   0.8888484   0.1507074  -0.4327076
135   7.7942286  -9.5000000   0.8187017   0.1760714  -0.5465586
136   7.7942286 -10.5000000   0.8371483   0.0962680  -0.5384377
137   9.5262794  -9.5000000   0.9397810   0.1774376  -0.2921087
138   9.5262794 -10.5000000   0.9125968   0.1887858  -0.3626666
139  11.2583302  -9.5000000   0.8770655   0.3915657  -0.2782668
140  -6.0621778 -10.5000000   0.8718450   0.1681848  -0.4600003
141  -5.1961524 -11.0000000   0.9392885   0.2982088  -0.1697309
142  -5.1961524 -12.0000000   0.8844187   0.0272107  -0.4659003
143  -3.4641016 -11.0000000   0.9053966   0.1216626  -0.4067618
144  -3.4641016 -12.0000000   0.8931491   0.1030645  -0.4377927
145  -1.7320508 -11.0000000   0.8172373   0.1893827  -0.5442952
146  -1.7320508 -12.0000000   0.8411093   0.3082434  -0.4444335
147  -0.0000000 -11.0000000   0.8291748   0.3888473  -0.4015805
148  -0.0000000 -12.0000000   0.7861387   0.2316345  -0.5730021
149   1.7320508 -11.0000000   0.8320519   0.2106083  -0.5131606
150   1.7320508 -12.0000000   0.8617154   0.2162351  -0.4590086
151   3.4641016 -11.0000000   0.8910170   0.0213894  -0.4534657
152   3.4641016 -12.0000000   0.8179050   0.0507443  -0.5731112
153   5.1961524 -11.0000000   0.9784248   0.1083515  -0.1759113
154   5.1961524 -12.0000000   0.9273287   0.0318250  -0.3728923
155   6.9282032 -11.0000000   0.8808364   0.1754317  -0.4397170
156   6.9282032 -12.0000000   0.8035018   0.1136632  -0.5843505
157   8.6602540 -11.0000000   0.9410170   0.2418847  -0.2365982
158   8.6602540 -12.0000000   0.7888192   0.1846756  -0.5862246
159  10.3923048 -11.0000000   0.8944666   0.2966616  -0.3345465
160  -6.9282032 -12.0000000   0.8095925   0.2542105  -0.5290908
161  -6.0621778 -12.5000000   0.8860580   0.0648339  -0.4590183
162  -6.0621778 -13.5000000   0.8431869   0.3095165  -0.4395854
163  -4.3301270 -12.5000000   0.9751078   0.0296234  -0.2197437
164  -4.3301270 -13.5000000   0.9034779   0.1167191  -0.4124371
165  -2.5980762 -12.5000000   0.8607548   0.3529857  -0.3667456
166  -2.5980762 -13.5000000   0.8507344   0.0802067  -0.5194400
167  -0.8660254 -12.5000000   0.9035511   0.3087210  -0.2971308
168  -0.8660254 -13.5000000   0.8515909   0.1492486  -0.5025115
169   0.8660254 -12.5000000   0.8633981   0.2622721  -0.4309954
170   0.8660254 -13.5000000   0.8463390   0.2388368  -0.4760958
171   2.5980762 -12.5000000   0.9604896   0.2104178  -0.1821652
172   2.5980762 -13.5000000   0.9041653   0.0685642  -0.4216446
173   4.3301270 -12.5000000   0.9075817   0.0620093  -0.4152713
174   4.3301270 -13.5000000   0.8232079   0.2678264  -0.5005973
175   6.0621778 -12.5000000   0.9674752   0.0276179  -0.2514539
176   6.0621778 -13.5000000   0.9546789  -0.0897758  -0.2837753
177   7.7942286 -12.5000000   0.9447831   0.1790457  -0.2744584
178   7.7942286 -13.5000000   0.8852097   0.0113889  -0.4650529
179   9.5262794 -12.5000000   0.8931534   0.2019632  -0.4018556
180  -7.7942286 -13.5000000   0.8061398   0.2784469  -0.5221169
181  -6.9282032 -14.0000000   0.8352041   0.3236154  -0.4446428
182  -6.9282032 -15.0000000   0.8879685   0.2683038  -0.3735306
183  -5.1961524 -14.0000000   0.9203239   0.1690608  -0.3527354
184  -5.1961524 -15.0000000   0.8858092   0.0353603  -0.4627004
185  -3.4641016 -14.0000000   0.9390662   0.0105391  -0.3435748
186  -3.4641016 -15.0000000   0.9593121   0.1849871  -0.2133076
187  -1.7320508 -14.0000000   0.8904351   0.1611671  -0.4256178
188  -1.7320508 -15.0000000   0.7828586   0.1830204  -0.5946729
189  -0.0000000 -14.0000000   0.9016638   0.3143697  -0.2969412
190  -0.0000000 -15.0000000   0.7940263   0.1161447  -0.5966846
191   1.7320508 -14.0000000   0.9561394   0.0271980  -0.2916464
192   1.7320508 -15.0000000   0.8776834   0.2514901  -0.4079517
193   3.4641016 -14.0000000   0.7954267   0.4249186  -0.4321349
194   3.4641016 -15.0000000   0.8138182   0.1454387  -0.5626256
195   5.1961524 -14.0000000   0.8813158  -0.0252125  -0.4718547
196   5.1961524 -15.0000000   0.8370572   0.1589004  -0.5235321
197   6.9282032 -14.0000000   0.9514910   0.0335239  -0.3058446
198   6.9282032 -15.0000000   0.8653232   0.2494636  -0.4347225
199   8.6602540 -14.0000000   0.9547281   0.1775819  -0.2386607
200  -8.6602540 -15.0000000   0.8213119   0.4041243  -0.4026541
