site number 	 x-coord 	 y-cord 	 sx 	 sy 	 sy
  1   0.8660254  -0.5000000   0.8754987  -0.4770985   0.0766741
  2   0.8660254  -1.5000000   0.8400580  -0.5386125  -0.0648000
  3   2.5980762  -0.5000000   0.9544871  -0.2980760  -0.0102538
  4   2.5980762  -1.5000000   0.8821313  -0.4361110  -0.1779091
  5   4.3301270  -0.5000000   0.8496927  -0.5269645   0.0181840
  6   4.3301270  -1.5000000   0.8655579  -0.4972414  -0.0596707
  7   6.0621778  -0.5000000   0.9129396  -0.4080547  -0.0057156
  8   6.0621778  -1.5000000   0.8609791  -0.4961243  -0.1121413
  9   7.7942286  -0.5000000   0.9014950  -0.3994593  -0.1665503
 10   7.7942286  -1.5000000   0.9146430  -0.3892626  -0.1090996
 11   9.5262794  -0.5000000   0.9261201  -0.3713140  -0.0665387
 12   9.5262794  -1.5000000   0.9135516  -0.4067056  -0.0037466
 13  11.2583302  -0.5000000   0.8661199  -0.4978398   0.0446306
 14  11.2583302  -1.5000000   0.9029081  -0.4282114   0.0373074
 15  12.9903811  -0.5000000   0.7975485  -0.5946354  -0.1016131
 16  12.9903811  -1.5000000   0.8728118  -0.4852336  -0.0524206
 17  14.7224319  -0.5000000   0.9133588  -0.3982388   0.0847444
 18  14.7224319  -1.5000000   0.8567098  -0.5136851   0.0466472
 19  16.4544827  -0.5000000   0.8962305  -0.4413706  -0.0443046
 20  -0.8660254  -1.5000000   0.8999355  -0.4083473  -0.1528680
 21  -0.0000000  -2.0000000   0.8569809  -0.4937039  -0.1477840
 22  -0.0000000  -3.0000000   0.8759280  -0.4791239  -0.0564843
 23   1.7320508  -2.0000000   0.9280452  -0.3723817   0.0079944
 24   1.7320508  -3.0000000   0.9005424  -0.3584961  -0.2459753
 25   3.4641016  -2.0000000   0.8844066  -0.4638866   0.0513249
 26   3.4641016  -3.0000000   0.9072718  -0.3916354   0.1532307
 27   5.1961524  -2.0000000   0.8772575  -0.4758307  -0.0632813
 28   5.1961524  -3.0000000   0.9193445  -0.3220684  -0.2260037
 29   6.9282032  -2.0000000   0.9111796  -0.4081392   0.0563399
 30   6.9282032  -3.0000000   0.9024738  -0.4203735  -0.0939525
 31   8.6602540  -2.0000000   0.9197728  -0.3891856  -0.0505225
 32   8.6602540  -3.0000000   0.8736804  -0.4795216  -0.0821066
 33  10.3923048  -2.0000000   0.9043424  -0.4265960  -0.0134413
 34  10.3923048  -3.0000000   0.8815310  -0.4682278  -0.0605465
 35  12.1243557  -2.0000000   0.9215815  -0.3649497   0.1322846
 36  12.1243557  -3.0000000   0.8946651  -0.4467178   0.0041949
 37  13.8564065  -2.0000000   0.8999986  -0.4322430  -0.0562890
 38  13.8564065  -3.0000000   0.9624694  -0.2494663  -0.1068604
 39  15.5884573  -2.0000000   0.9090027  -0.4167029  -0.0085300
 40  -1.7320508  -3.0000000   0.9024535  -0.4050178  -0.1467593
 41  -0.8660254  -3.5000000   0.9137611  -0.3949365  -0.0952144
 42  -0.8660254  -4.5000000   0.8741706  -0.4588927  -0.1588812
 43   0.8660254  -3.5000000   0.8304229  -0.5315515   0.1668856
 44   0.8660254  -4.5000000   0.9266660  -0.3711079   0.0597411
 45   2.5980762  -3.5000000   0.9232878  -0.3562778  -0.1435468
 46   2.5980762  -4.5000000   0.9428138  -0.2814146  -0.1786279
 47   4.3301270  -3.5000000   0.8918138  -0.4507869   0.0382004
 48   4.3301270  -4.5000000   0.8890956  -0.4402052  -0.1254129
 49   6.0621778  -3.5000000   0.8997557  -0.4244781  -0.1012820
 50   6.0621778  -4.5000000   0.8613634  -0.4932516  -0.1214740
 51   7.7942286  -3.5000000   0.8859952  -0.4621512   0.0377999
 52   7.7942286  -4.5000000   0.9021971  -0.4285955  -0.0484395
 53   9.5262794  -3.5000000   0.8838337  -0.4577902  -0.0962606
 54   9.5262794  -4.5000000   0.8684578  -0.4956987   0.0079946
 55  11.2583302  -3.5000000   0.8516131  -0.5240364  -0.0118733
 56  11.2583302  -4.5000000   0.8497533  -0.4959509  -0.1787512
 57  12.9903811  -3.5000000   0.9706832  -0.2402790  -0.0063374
 58  12.9903811  -4.5000000   0.8724479  -0.4620530  -0.1591910
 59  14.7224319  -3.5000000   0.9331626  -0.3487380  -0.0871173
 60  -2.5980762  -4.5000000   0.9219348  -0.3506938  -0.1644688
 61  -1.7320508  -5.0000000   0.8562181  -0.5108805  -0.0767576
 62  -1.7320508  -6.0000000   0.8215971  -0.5694594  -0.0263484
 63  -0.0000000  -5.0000000   0.8801773  -0.4743095   0.0178413
 64  -0.0000000  -6.0000000   0.8027156  -0.5952136  -0.0369930
 65   1.7320508  -5.0000000   0.9072574  -0.3996543   0.1309978
 66   1.7320508  -6.0000000   0.8999624  -0.4315949  -0.0615917
 67   3.4641016  -5.0000000   0.9234940  -0.3670672   0.1114469
 68   3.4641016  -6.0000000   0.8338558  -0.5518677  -0.0112488
 69   5.1961524  -5.0000000   0.9024097  -0.4298413  -0.0298868
 70   5.1961524  -6.0000000   0.9368895  -0.3437050  -0.0640693
 71   6.9282032  -5.0000000   0.9352859  -0.3226449  -0.1453981
 72   6.9282032  -6.0000000   0.8871221  -0.4553334  -0.0754042
 73   8.6602540  -5.0000000   0.8150884  -0.5771445   0.0503499
 74   8.6602540  -6.0000000   0.8934442  -0.4484643  -0.0252451
 75  10.3923048  -5.0000000   0.9212700  -0.3824542  -0.0706422
 76  10.3923048  -6.0000000   0.8965300  -0.4205906  -0.1390596
 77  12.1243557  -5.0000000   0.8811633  -0.4667857  -0.0752487
 78  12.1243557  -6.0000000   0.8332896  -0.5387551  -0.1239813
 79  13.8564065  -5.0000000   0.9686913  -0.2400392  -0.0633905
 80  -3.4641016  -6.0000000   0.8883078  -0.4589631   0.0161899
 81  -2.5980762  -6.5000000   0.9105650  -0.4133034  -0.0071916
 82  -2.5980762  -7.5000000   0.9222063  -0.3773249  -0.0846257
 83  -0.8660254  -6.5000000   0.8813644  -0.4682916   0.0624483
 84  -0.8660254  -7.5000000   0.8393530  -0.5142708  -0.1761027
 85   0.8660254  -6.5000000   0.8741083  -0.4791547  -0.0796583
 86   0.8660254  -7.5000000   0.8792565  -0.4761280   0.0144981
 87   2.5980762  -6.5000000   0.8779143  -0.4786933   0.0109156
 88   2.5980762  -7.5000000   0.9189505  -0.3852268  -0.0844414
 89   4.3301270  -6.5000000   0.9081501  -0.4164551  -0.0427624
 90   4.3301270  -7.5000000   0.9131973  -0.3736160  -0.1627322
 91   6.0621778  -6.5000000   0.8189123  -0.5738089   0.0112261
 92   6.0621778  -7.5000000   0.9287663  -0.3222631  -0.1831385
 93   7.7942286  -6.5000000   0.8702124  -0.4924025  -0.0164334
 94   7.7942286  -7.5000000   0.8684180  -0.4899811  -0.0759515
 95   9.5262794  -6.5000000   0.9331906  -0.3481972   0.0889608
 96   9.5262794  -7.5000000   0.8628128  -0.5050455  -0.0219806
 97  11.2583302  -6.5000000   0.8732245  -0.4855436   0.0415495
 98  11.2583302  -7.5000000   0.9445499  -0.3234558   0.0565842
 99  12.9903811  -6.5000000   0.8713497  -0.4888302   0.0423640
100  -4.3301270  -7.5000000   0.8808179  -0.4678698  -0.0725105
101  -3.4641016  -8.0000000   0.8766005  -0.4781698   0.0540849
102  -3.4641016  -9.0000000   0.8931171  -0.3984409  -0.2087743
103  -1.7320508  -8.0000000   0.8638481  -0.5014317   0.0482982
104  -1.7320508  -9.0000000   0.8153398  -0.5781792  -0.0304914
105  -0.0000000  -8.0000000   0.8350970  -0.5455485  -0.0706386
106  -0.0000000  -9.0000000   0.8574316  -0.5143413  -0.0162491
107   1.7320508  -8.0000000   0.9551713  -0.2960537  -0.0000457
108   1.7320508  -9.0000000   0.8895437  -0.4082649  -0.2050164
109   3.4641016  -8.0000000   0.9054614  -0.4235370   0.0274967
110   3.4641016  -9.0000000   0.8824949  -0.4661053   0.0628380
111   5.1961524  -8.0000000   0.9195382  -0.3867180  -0.0699906
112   5.1961524  -9.0000000   0.9043346  -0.4268197  -0.0019471
113   6.9282032  -8.0000000   0.8154932  -0.5785584  -0.0155254
114   6.9282032  -9.0000000   0.8394910  -0.5319351  -0.1109047
115   8.6602540  -8.0000000   0.8814176  -0.4720066  -0.0176865
116   8.6602540  -9.0000000   0.9200947  -0.3844202  -0.0751456
117  10.3923048  -8.0000000   0.9323151  -0.3615802   0.0069454
118  10.3923048  -9.0000000   0.8882149  -0.4433585  -0.1204477
119  12.1243557  -8.0000000   0.8894299  -0.4469603   0.0956078
120  -5.1961524  -9.0000000   0.8622055  -0.5060762  -0.0221027
121  -4.3301270  -9.5000000   0.9173129  -0.3940669  -0.0569932
122  -4.3301270 -10.5000000   0.9163443  -0.3965975  -0.0549865
123  -2.5980762  -9.5000000   0.8361612  -0.5406118   0.0925919
124  -2.5980762 -10.5000000   0.7902797  -0.6110956   0.0449465
125  -0.8660254  -9.5000000   0.8448429  -0.5253618   0.1011707
126  -0.8660254 -10.5000000   0.8115653  -0.5755767  -0.1003653
127   0.8660254  -9.5000000   0.9178482  -0.3945614  -0.0433132
128   0.8660254 -10.5000000   0.8673149  -0.4765548  -0.1437373
129   2.5980762  -9.5000000   0.9162233  -0.3743672  -0.1427724
130   2.5980762 -10.5000000   0.9457677  -0.3219359  -0.0433661
131   4.3301270  -9.5000000   0.9461044  -0.3067795   0.1037917
132   4.3301270 -10.5000000   0.9169927  -0.3843598  -0.1067333
133   6.0621778  -9.5000000   0.8594079  -0.4969624   0.1201933
134   6.0621778 -10.5000000   0.9221119  -0.3505249  -0.1638349
135   7.7942286  -9.5000000   0.9230154  -0.3073806  -0.2314297
136   7.7942286 -10.5000000   0.8561784  -0.5029182  -0.1184563
137   9.5262794  -9.5000000   0.8382005  -0.5417502   0.0626634
138   9.5262794 -10.5000000   0.8563171  -0.5161753  -0.0168555
139  11.2583302  -9.5000000   0.8852944  -0.4540491  -0.1004647
140  -6.0621778 -10.5000000   0.9180007  -0.3740027  -0.1318966
141  -5.1961524 -11.0000000   0.9343721  -0.3206813  -0.1552810
142  -5.1961524 -12.0000000   0.9398960  -0.2911994  -0.1783209
143  -3.4641016 -11.0000000   0.8479769  -0.5299823  -0.0073376
144  -3.4641016 -12.0000000   0.8804809  -0.4716152  -0.0482952
145  -1.7320508 -11.0000000   0.9291767  -0.3606445  -0.0810317
146  -1.7320508 -12.0000000   0.8860066  -0.4337762  -0.1638002
147  -0.0000000 -11.0000000   0.9316285  -0.3605932   0.0451759
148  -0.0000000 -12.0000000   0.8681814  -0.4713456  -0.1552236
149   1.7320508 -11.0000000   0.8908970  -0.4441958   0.0948298
150   1.7320508 -12.0000000   0.8900725  -0.4503079   0.0706662
151   3.4641016 -11.0000000   0.9179484  -0.3941720  -0.0447111
152   3.4641016 -12.0000000   0.8558216  -0.4695669  -0.2169709
153   5.1961524 -11.0000000   0.9246018  -0.3806498  -0.0147418
154   5.1961524 -12.0000000   0.9010484  -0.4334462   0.0153649
155   6.9282032 -11.0000000   0.8863700  -0.4573468   0.0719870
156   6.9282032 -12.0000000   0.8075414  -0.5896738   0.0127152
157   8.6602540 -11.0000000   0.7859910  -0.6177706   0.0240346
158   8.6602540 -12.0000000   0.8282350  -0.5592843   0.0350406
159  10.3923048 -11.0000000   0.8959382  -0.4386836  -0.0696522
160  -6.9282032 -12.0000000   0.8858741  -0.4083495  -0.2201767
161  -6.0621778 -12.5000000   0.9629501  -0.2650394  -0.0498126
162  -6.0621778 -13.5000000   0.8276621  -0.5205029  -0.2098862
163  -4.3301270 -12.5000000   0.9072965  -0.4155021  -0.0645845
164  -4.3301270 -13.5000000   0.9327092  -0.2513395  -0.2586154
165  -2.5980762 -12.5000000   0.8769319  -0.4752888   0.0713506
166  -2.5980762 -13.5000000   0.8829937  -0.4690280   0.0183003
167  -0.8660254 -12.5000000   0.8605355  -0.4932166  -0.1273423
168  -0.8660254 -13.5000000   0.8594754  -0.4884600  -0.1506948
169   0.8660254 -12.5000000   0.8706679  -0.4672159   0.1537750
170   0.8660254 -13.5000000   0.9189263  -0.3912032  -0.0503441
171   2.5980762 -12.5000000   0.8811579  -0.4728219  -0.0005345
172   2.5980762 -13.5000000   0.9222218  -0.3824553  -0.0568755
173   4.3301270 -12.5000000   0.8850031  -0.4624422  -0.0540071
174   4.3301270 -13.5000000   0.9020758  -0.4302145   0.0342743
175   6.0621778 -12.5000000   0.8461322  -0.5191001   0.1208112
176   6.0621778 -13.5000000   0.8129767  -0.5803635  -0.0474028
177   7.7942286 -12.5000000   0.8484989  -0.5268633  -0.0496460
178   7.7942286 -13.5000000   0.8896263  -0.3991542  -0.2219032
179   9.5262794 -12.5000000   0.9222283  -0.3842936   0.0425843
180  -7.7942286 -13.5000000   0.9150856  -0.4031476   0.0095017
181  -6.9282032 -14.0000000   0.8764325  -0.4751320   0.0782028
182  -6.9282032 -15.0000000   0.8595449  -0.5071100  -0.0634189
183  -5.1961524 -14.0000000   0.9799647  -0.1780615  -0.0892369
184  -5.1961524 -15.0000000   0.8779806  -0.4193289  -0.2308968
185  -3.4641016 -14.0000000   0.8338018  -0.5490404  -0.0576991
186  -3.4641016 -15.0000000   0.9053305  -0.4246966   0.0030886
187  -1.7320508 -14.0000000   0.9047908  -0.4250064   0.0268916
188  -1.7320508 -15.0000000   0.8906633  -0.4362935  -0.1279331
189  -0.0000000 -14.0000000   0.8822068  -0.4530416  -0.1283140
190  -0.0000000 -15.0000000   0.9337378  -0.3405543  -0.1102560
191   1.7320508 -14.0000000   0.9208507  -0.3892412  -0.0229177
192   1.7320508 -15.0000000   0.8345811  -0.5451348  -0.0793883
193   3.4641016 -14.0000000   0.8994732  -0.4203436  -0.1194120
194   3.4641016 -15.0000000   0.8645328  -0.4675262  -0.1843970
195   5.1961524 -14.0000000   0.8081708  -0.5847475   0.0702166
196   5.1961524 -15.0000000   0.8866683  -0.4579700   0.0638959
197   6.9282032 -14.0000000   0.8811708  -0.4652921  -0.0839126
198   6.9282032 -15.0000000   0.8978100  -0.4228598  -0.1229911
199   8.6602540 -14.0000000   0.9235901  -0.3660964  -0.1138187
200  -8.6602540 -15.0000000   0.8930660  -0.4498963   0.0051358
