site number 	 x-coord 	 y-cord 	 sx 	 sy 	 sy
  1   0.8660254  -0.5000000   0.4109638   0.8173506  -0.4037904
  2   0.8660254  -1.5000000   0.5026297   0.7672097  -0.3984379
  3   2.5980762  -0.5000000   0.4330199   0.8176990  -0.3792917
  4   2.5980762  -1.5000000   0.1845115   0.8102606  -0.5562672
  5   4.3301270  -0.5000000   0.5511633   0.7429159  -0.3798619
  6   4.3301270  -1.5000000   0.5790219   0.6442529  -0.4996718
  7   6.0621778  -0.5000000   0.3094773   0.8398061  -0.4460375
  8   6.0621778  -1.5000000   0.3864218   0.7590765  -0.5239093
  9   7.7942286  -0.5000000   0.5842976   0.7871483  -0.1974688
 10   7.7942286  -1.5000000   0.5877243   0.6597591  -0.4682927
 11   9.5262794  -0.5000000   0.3130878   0.8272769  -0.4664643
 12   9.5262794  -1.5000000   0.3717988   0.7663669  -0.5238772
 13  11.2583302  -0.5000000   0.4308834   0.7450821  -0.5091091
 14  11.2583302  -1.5000000   0.4429730   0.7958675  -0.4127588
 15  12.9903811  -0.5000000   0.4273543   0.7727208  -0.4693302
 16  12.9903811  -1.5000000   0.3842881   0.7974181  -0.4652387
 17  14.7224319  -0.5000000   0.2684769   0.8938718  -0.3590451
 18  14.7224319  -1.5000000   0.3379927   0.7569075  -0.5593317
 19  16.4544827  -0.5000000   0.3598169   0.8498463  -0.3850884
 20  -0.8660254  -1.5000000   0.2214127   0.8371157  -0.5002136
 21  -0.0000000  -2.0000000   0.2635725   0.8293591  -0.4926388
 22  -0.0000000  -3.0000000   0.3090927   0.7554978  -0.5776546
 23   1.7320508  -2.0000000   0.4037216   0.8779348  -0.2573700
 24   1.7320508  -3.0000000   0.3879642   0.8468958  -0.3636636
 25   3.4641016  -2.0000000   0.2497305   0.8120153  -0.5275091
 26   3.4641016  -3.0000000   0.2974945   0.7721723  -0.5614686
 27   5.1961524  -2.0000000   0.4923126   0.8240927  -0.2801776
 28   5.1961524  -3.0000000   0.4138128   0.7933590  -0.4464756
 29   6.9282032  -2.0000000   0.5134689   0.7967506  -0.3186505
 30   6.9282032  -3.0000000   0.3677728   0.6141754  -0.6982348
 31   8.6602540  -2.0000000   0.4682848   0.7607325  -0.4494389
 32   8.6602540  -3.0000000   0.4526769   0.6776727  -0.5795199
 33  10.3923048  -2.0000000   0.2568450   0.7837215  -0.5655185
 34  10.3923048  -3.0000000   0.2189533   0.8293905  -0.5139755
 35  12.1243557  -2.0000000   0.4018476   0.7644040  -0.5041874
 36  12.1243557  -3.0000000   0.3703689   0.7760326  -0.5104902
 37  13.8564065  -2.0000000   0.4325941   0.8389163  -0.3302754
 38  13.8564065  -3.0000000   0.5236893   0.7275255  -0.4432338
 39  15.5884573  -2.0000000   0.4926400   0.8108051  -0.3160710
 40  -1.7320508  -3.0000000   0.4537585   0.7387470  -0.4983534
 41  -0.8660254  -3.5000000   0.2377409   0.7952880  -0.5576703
 42  -0.8660254  -4.5000000   0.1487140   0.8410008  -0.5201940
 43   0.8660254  -3.5000000   0.1327533   0.9127577  -0.3863289
 44   0.8660254  -4.5000000   0.1106135   0.9059257  -0.4087337
 45   2.5980762  -3.5000000   0.3316728   0.8239405  -0.4594727
 46   2.5980762  -4.5000000   0.2594612   0.8388644  -0.4785252
 47   4.3301270  -3.5000000   0.4192111   0.8133064  -0.4034784
 48   4.3301270  -4.5000000   0.3590632   0.7910754  -0.4952508
 49   6.0621778  -3.5000000   0.4807270   0.7005825  -0.5273383
 50   6.0621778  -4.5000000   0.4508502   0.6650489  -0.5953521
 51   7.7942286  -3.5000000   0.4477972   0.6834788  -0.5764844
 52   7.7942286  -4.5000000   0.4064665   0.8107325  -0.4213048
 53   9.5262794  -3.5000000   0.0836902   0.9246904  -0.3714075
 54   9.5262794  -4.5000000   0.1283671   0.8661960  -0.4829351
 55  11.2583302  -3.5000000   0.1111091   0.8857879  -0.4505936
 56  11.2583302  -4.5000000   0.0983514   0.7997501  -0.5922219
 57  12.9903811  -3.5000000   0.2763450   0.7880687  -0.5500738
 58  12.9903811  -4.5000000   0.2243631   0.8365897  -0.4997788
 59  14.7224319  -3.5000000   0.2671509   0.8094709  -0.5228645
 60  -2.5980762  -4.5000000   0.2364809   0.8713921  -0.4298286
 61  -1.7320508  -5.0000000   0.4842413   0.8358774  -0.2584943
 62  -1.7320508  -6.0000000   0.4291924   0.8048270  -0.4099358
 63  -0.0000000  -5.0000000   0.2808150   0.9096834  -0.3059722
 64  -0.0000000  -6.0000000   0.3538608   0.7589970  -0.5465401
 65   1.7320508  -5.0000000   0.4303311   0.7996131  -0.4188484
 66   1.7320508  -6.0000000   0.3081846   0.8623818  -0.4016464
 67   3.4641016  -5.0000000   0.3568180   0.8803677  -0.3124639
 68   3.4641016  -6.0000000   0.3634372   0.7986668  -0.4796298
 69   5.1961524  -5.0000000   0.4674365   0.7953503  -0.3859029
 70   5.1961524  -6.0000000   0.4185764   0.7764128  -0.4711443
 71   6.9282032  -5.0000000   0.2573222   0.8409186  -0.4760685
 72   6.9282032  -6.0000000   0.3014694   0.7036199  -0.6434558
 73   8.6602540  -5.0000000   0.4457627   0.8672965  -0.2215682
 74   8.6602540  -6.0000000   0.3531269   0.8707916  -0.3420868
 75  10.3923048  -5.0000000   0.3779162   0.7845870  -0.4915308
 76  10.3923048  -6.0000000   0.2267787   0.8380151  -0.4962884
 77  12.1243557  -5.0000000   0.3101376   0.8077372  -0.5013735
 78  12.1243557  -6.0000000   0.2463472   0.7859355  -0.5671141
 79  13.8564065  -5.0000000   0.0422334   0.9123758  -0.4071691
 80  -3.4641016  -6.0000000   0.0693037   0.8230228  -0.5637646
 81  -2.5980762  -6.5000000   0.0331931   0.8736493  -0.4854225
 82  -2.5980762  -7.5000000   0.0222942   0.8931625  -0.4491812
 83  -0.8660254  -6.5000000   0.5433118   0.7746776  -0.3235536
 84  -0.8660254  -7.5000000   0.6271570   0.6701321  -0.3969851
 85   0.8660254  -6.5000000   0.2407057   0.8865433  -0.3950971
 86   0.8660254  -7.5000000   0.2604884   0.8897001  -0.3749394
 87   2.5980762  -6.5000000   0.3087702   0.8449900  -0.4366381
 88   2.5980762  -7.5000000   0.2618091   0.8420282  -0.4716402
 89   4.3301270  -6.5000000   0.1576126   0.8914536  -0.4248162
 90   4.3301270  -7.5000000   0.2362688   0.7991455  -0.5527599
 91   6.0621778  -6.5000000   0.6683445   0.6902472  -0.2772623
 92   6.0621778  -7.5000000   0.7304711   0.6148277  -0.2973195
 93   7.7942286  -6.5000000   0.4468200   0.8341328  -0.3233796
 94   7.7942286  -7.5000000   0.3421699   0.8113613  -0.4739332
 95   9.5262794  -6.5000000   0.3098022   0.9238704  -0.2246911
 96   9.5262794  -7.5000000   0.4195349   0.7411614  -0.5240899
 97  11.2583302  -6.5000000   0.4656692   0.8173351  -0.3392868
 98  11.2583302  -7.5000000   0.2963280   0.8251186  -0.4810083
 99  12.9903811  -6.5000000   0.4199895   0.7923061  -0.4425606
100  -4.3301270  -7.5000000   0.3629072   0.8871417  -0.2850929
101  -3.4641016  -8.0000000   0.2095389   0.9057784  -0.3683190
102  -3.4641016  -9.0000000   0.2234371   0.8130476  -0.5376146
103  -1.7320508  -8.0000000   0.2087300   0.9032734  -0.3748720
104  -1.7320508  -9.0000000   0.2389001   0.8640158  -0.4431742
105  -0.0000000  -8.0000000   0.4230149   0.8519186  -0.3086958
106  -0.0000000  -9.0000000   0.3713266   0.8073050  -0.4586668
107   1.7320508  -8.0000000   0.1755203   0.9316913  -0.3180313
108   1.7320508  -9.0000000   0.0753754   0.8019224  -0.5926542
109   3.4641016  -8.0000000   0.2447129   0.9021183  -0.3553846
110   3.4641016  -9.0000000   0.3091703   0.8627209  -0.4001579
111   5.1961524  -8.0000000   0.2744751   0.7610558  -0.5877563
112   5.1961524  -9.0000000   0.2860603   0.7556658  -0.5891848
113   6.9282032  -8.0000000   0.2901367   0.8857409  -0.3623310
114   6.9282032  -9.0000000   0.0886722   0.8146008  -0.5732039
115   8.6602540  -8.0000000   0.5554723   0.7291978  -0.3996512
116   8.6602540  -9.0000000   0.4647813   0.7501685  -0.4703463
117  10.3923048  -8.0000000   0.4036122   0.8604073  -0.3111212
118  10.3923048  -9.0000000   0.4536856   0.7770513  -0.4363034
119  12.1243557  -8.0000000   0.2041830   0.8976085  -0.3906511
120  -5.1961524  -9.0000000   0.1877665   0.8581927  -0.4777541
121  -4.3301270  -9.5000000   0.2934461   0.9012502  -0.3188062
122  -4.3301270 -10.5000000   0.3420851   0.7358475  -0.5843853
123  -2.5980762  -9.5000000   0.2448560   0.8479223  -0.4701844
124  -2.5980762 -10.5000000   0.1987121   0.8311692  -0.5192988
125  -0.8660254  -9.5000000   0.3455665   0.8447660  -0.4086003
126  -0.8660254 -10.5000000   0.1786675   0.8714022  -0.4568765
127   0.8660254  -9.5000000   0.2920734   0.9114682  -0.2896875
128   0.8660254 -10.5000000   0.3978744   0.7906852  -0.4653095
129   2.5980762  -9.5000000   0.1744950   0.9186728  -0.3543894
130   2.5980762 -10.5000000   0.2297651   0.8283521  -0.5109215
131   4.3301270  -9.5000000   0.2561504   0.8526443  -0.4553952
132   4.3301270 -10.5000000   0.2466624   0.8676548  -0.4316628
133   6.0621778  -9.5000000   0.3393805   0.8192727  -0.4621829
134   6.0621778 -10.5000000   0.3189661   0.9032869  -0.2869379
135   7.7942286  -9.5000000   0.2758080   0.7594774  -0.5891723
136   7.7942286 -10.5000000   0.1901148   0.7911857  -0.5812758
137   9.5262794  -9.5000000   0.4344573   0.7851004  -0.4414344
138   9.5262794 -10.5000000   0.3777320   0.7763516  -0.5045758
139  11.2583302  -9.5000000   0.2155062   0.8427593  -0.4932685
140  -6.0621778 -10.5000000   0.2011031   0.8746146  -0.4411426
141  -5.1961524 -11.0000000   0.3960235   0.7988459  -0.4527811
142  -5.1961524 -12.0000000   0.4586482   0.7406801  -0.4909529
143  -3.4641016 -11.0000000   0.3603025   0.7858028  -0.5026888
144  -3.4641016 -12.0000000   0.3600597   0.6992173  -0.6176182
145  -1.7320508 -11.0000000   0.3413700   0.8579965  -0.3838080
146  -1.7320508 -12.0000000   0.2404908   0.8213036  -0.5173244
147  -0.0000000 -11.0000000   0.2166205   0.8997650  -0.3788121
148  -0.0000000 -12.0000000   0.0811578   0.8512534  -0.5184409
149   1.7320508 -11.0000000   0.4067813   0.8162349  -0.4102311
150   1.7320508 -12.0000000   0.3812357   0.7664171  -0.5169760
151   3.4641016 -11.0000000   0.3031390   0.8780345  -0.3703540
152   3.4641016 -12.0000000   0.3291489   0.7214863  -0.6091950
153   5.1961524 -11.0000000   0.1078154   0.9750589  -0.1940000
154   5.1961524 -12.0000000   0.2034098   0.8903777  -0.4072492
155   6.9282032 -11.0000000   0.1955803   0.9490354  -0.2471438
156   6.9282032 -12.0000000   0.2771903   0.8348085  -0.4756684
157   8.6602540 -11.0000000   0.2355143   0.8566198  -0.4590594
158   8.6602540 -12.0000000   0.2693209   0.8245262  -0.4976171
159  10.3923048 -11.0000000   0.2396097   0.8959743  -0.3739214
160  -6.9282032 -12.0000000   0.1787879   0.8819093  -0.4362004
161  -6.0621778 -12.5000000   0.3814517   0.8290399  -0.4088855
162  -6.0621778 -13.5000000   0.3483880   0.6780651  -0.6471889
163  -4.3301270 -12.5000000   0.5359414   0.8163022  -0.2154472
164  -4.3301270 -13.5000000   0.5450643   0.6814183  -0.4884405
165  -2.5980762 -12.5000000   0.2163809   0.7646112  -0.6070824
166  -2.5980762 -13.5000000   0.0877248   0.8133866  -0.5750710
167  -0.8660254 -12.5000000   0.4864909   0.8053826  -0.3386523
168  -0.8660254 -13.5000000   0.2737926   0.8336167  -0.4797091
169   0.8660254 -12.5000000   0.2848233   0.8221452  -0.4929026
170   0.8660254 -13.5000000   0.3095921   0.8406958  -0.4442783
171   2.5980762 -12.5000000   0.2915423   0.7679962  -0.5702499
172   2.5980762 -13.5000000   0.2251961   0.7778109  -0.5867682
173   4.3301270 -12.5000000   0.3830991   0.8801978  -0.2801550
174   4.3301270 -13.5000000   0.2528666   0.8880842  -0.3838814
175   6.0621778 -12.5000000   0.2435764   0.9310250  -0.2717774
176   6.0621778 -13.5000000   0.2890284   0.7631354  -0.5780025
177   7.7942286 -12.5000000   0.3001348   0.8872198  -0.3503715
178   7.7942286 -13.5000000   0.3408531   0.7747731  -0.5324902
179   9.5262794 -12.5000000   0.4013255   0.8087974  -0.4298657
180  -7.7942286 -13.5000000   0.3383416   0.7080875  -0.6197879
181  -6.9282032 -14.0000000   0.4673132   0.7785949  -0.4188178
182  -6.9282032 -15.0000000   0.3965585   0.8334834  -0.3847685
183  -5.1961524 -14.0000000   0.2555385   0.8214004  -0.5099034
184  -5.1961524 -15.0000000   0.2447059   0.8383553  -0.4871134
185  -3.4641016 -14.0000000   0.2078441   0.9311497  -0.2996016
186  -3.4641016 -15.0000000   0.2969089   0.7243780  -0.6221910
187  -1.7320508 -14.0000000   0.3338657   0.8585015  -0.3892413
188  -1.7320508 -15.0000000   0.2542171   0.8779333  -0.4057176
189  -0.0000000 -14.0000000   0.1415321   0.9138597  -0.3805643
190  -0.0000000 -15.0000000   0.2336144   0.8130072  -0.5333326
191   1.7320508 -14.0000000   0.3408400   0.8322546  -0.4372418
192   1.7320508 -15.0000000   0.3261679   0.8310004  -0.4506139
193   3.4641016 -14.0000000   0.4634880   0.8168924  -0.3433158
194   3.4641016 -15.0000000   0.4163875   0.6913466  -0.5904755
195   5.1961524 -14.0000000   0.0799212   0.8828347  -0.4628342
196   5.1961524 -15.0000000   0.1743362   0.8288003  -0.5316925
197   6.9282032 -14.0000000   0.4710242   0.7054161  -0.5296454
198   6.9282032 -15.0000000   0.4410135   0.8101702  -0.3861752
199   8.6602540 -14.0000000   0.4467612   0.7988139  -0.4028657
200  -8.6602540 -15.0000000   0.3072940   0.7960113  -0.5214752
