site number 	 x-coord 	 y-cord 	 sx 	 sy 	 sy
  1   0.8660254  -0.5000000  -0.4914719   0.8704311  -0.0283747
  2   0.8660254  -1.5000000  -0.4721098   0.8618301  -0.1853678
  3   2.5980762  -0.5000000  -0.4834753   0.8740403   0.0480125
  4   2.5980762  -1.5000000  -0.4656214   0.8843655  -0.0330815
  5   4.3301270  -0.5000000  -0.5645363   0.8235331   0.0556054
  6   4.3301270  -1.5000000  -0.5482127   0.8359510   0.0254689
  7   6.0621778  -0.5000000  -0.5182399   0.8531923  -0.0590784
  8   6.0621778  -1.5000000  -0.4629399   0.8836824  -0.0692253
  9   7.7942286  -0.5000000  -0.5587008   0.8203244  -0.1221526
 10   7.7942286  -1.5000000  -0.5429829   0.8380962   0.0525774
 11   9.5262794  -0.5000000  -0.4666824   0.8764279   0.1186657
 12   9.5262794  -1.5000000  -0.4878333   0.8654520  -0.1140675
 13  11.2583302  -0.5000000  -0.5193908   0.8521223  -0.0641941
 14  11.2583302  -1.5000000  -0.4478399   0.8901914  -0.0836589
 15  12.9903811  -0.5000000  -0.5039440   0.8309512  -0.2357130
 16  12.9903811  -1.5000000  -0.4838407   0.8639299  -0.1397259
 17  14.7224319  -0.5000000  -0.4392759   0.8982437  -0.0139656
 18  14.7224319  -1.5000000  -0.4221937   0.9061500  -0.0253919
 19  16.4544827  -0.5000000  -0.4406801   0.8905552  -0.1127494
 20  -0.8660254  -1.5000000  -0.5742439   0.8008484  -0.1699580
 21  -0.0000000  -2.0000000  -0.5542171   0.8318916  -0.0282789
 22  -0.0000000  -3.0000000  -0.5282109   0.8292013  -0.1828072
 23   1.7320508  -2.0000000  -0.4754926   0.8784072  -0.0480375
 24   1.7320508  -3.0000000  -0.5263278   0.8280198  -0.1932933
 25   3.4641016  -2.0000000  -0.5526190   0.8333861  -0.0089362
 26   3.4641016  -3.0000000  -0.4424748   0.8921553  -0.0909668
 27   5.1961524  -2.0000000  -0.4052740   0.9141141  -0.0121845
 28   5.1961524  -3.0000000  -0.5237146   0.8484085  -0.0769806
 29   6.9282032  -2.0000000  -0.5525695   0.8298593  -0.0774633
 30   6.9282032  -3.0000000  -0.4682593   0.8762064  -0.1139977
 31   8.6602540  -2.0000000  -0.4921780   0.8689388  -0.0520202
 32   8.6602540  -3.0000000  -0.5387696   0.8352956  -0.1095839
 33  10.3923048  -2.0000000  -0.4056101   0.9092567  -0.0934492
 34  10.3923048  -3.0000000  -0.4487668   0.8909885  -0.0689047
 35  12.1243557  -2.0000000  -0.5249206   0.8495510  -0.0521680
 36  12.1243557  -3.0000000  -0.4337374   0.9009128   0.0150990
 37  13.8564065  -2.0000000  -0.3757796   0.9262284   0.0298422
 38  13.8564065  -3.0000000  -0.4386767   0.8969536  -0.0551096
 39  15.5884573  -2.0000000  -0.5382895   0.8348177  -0.1154292
 40  -1.7320508  -3.0000000  -0.6278316   0.7637154  -0.1502208
 41  -0.8660254  -3.5000000  -0.4297643   0.9021579   0.0376012
 42  -0.8660254  -4.5000000  -0.4506961   0.8923776   0.0231371
 43   0.8660254  -3.5000000  -0.4677925   0.8821038  -0.0553441
 44   0.8660254  -4.5000000  -0.3748685   0.9260524  -0.0435962
 45   2.5980762  -3.5000000  -0.4426210   0.8903131  -0.1069071
 46   2.5980762  -4.5000000  -0.5953031   0.7916447  -0.1375244
 47   4.3301270  -3.5000000  -0.5637990   0.8247407   0.0439703
 48   4.3301270  -4.5000000  -0.5441296   0.8385804  -0.0265690
 49   6.0621778  -3.5000000  -0.4415882   0.8932645   0.0841334
 50   6.0621778  -4.5000000  -0.3849475   0.9212748  -0.0553909
 51   7.7942286  -3.5000000  -0.5733608   0.8097561  -0.1247092
 52   7.7942286  -4.5000000  -0.5660431   0.8243203   0.0095538
 53   9.5262794  -3.5000000  -0.4624055   0.8845794  -0.0608315
 54   9.5262794  -4.5000000  -0.4971157   0.8653426  -0.0637032
 55  11.2583302  -3.5000000  -0.4208910   0.8962358  -0.1400435
 56  11.2583302  -4.5000000  -0.4740289   0.8762443  -0.0865597
 57  12.9903811  -3.5000000  -0.4806750   0.8767711  -0.0149685
 58  12.9903811  -4.5000000  -0.5134776   0.8572317   0.0386586
 59  14.7224319  -3.5000000  -0.4525691   0.8655755   0.2143835
 60  -2.5980762  -4.5000000  -0.5332934   0.8364697  -0.1261613
 61  -1.7320508  -5.0000000  -0.6184151   0.7856930  -0.0157896
 62  -1.7320508  -6.0000000  -0.5137404   0.8578170   0.0148619
 63  -0.0000000  -5.0000000  -0.5616174   0.8273297  -0.0105599
 64  -0.0000000  -6.0000000  -0.5108536   0.8550964  -0.0885368
 65   1.7320508  -5.0000000  -0.5561477   0.8293520   0.0536182
 66   1.7320508  -6.0000000  -0.5288571   0.8475977   0.0434536
 67   3.4641016  -5.0000000  -0.4365604   0.8886373  -0.1404949
 68   3.4641016  -6.0000000  -0.4916451   0.8701554  -0.0333863
 69   5.1961524  -5.0000000  -0.5859566   0.8016165  -0.1185995
 70   5.1961524  -6.0000000  -0.4790272   0.8777148   0.0122356
 71   6.9282032  -5.0000000  -0.5648719   0.8219339   0.0731053
 72   6.9282032  -6.0000000  -0.6287718   0.7734860  -0.0797838
 73   8.6602540  -5.0000000  -0.5790114   0.8128853   0.0629552
 74   8.6602540  -6.0000000  -0.5686283   0.8218099  -0.0359212
 75  10.3923048  -5.0000000  -0.4391544   0.8983941   0.0056076
 76  10.3923048  -6.0000000  -0.4637046   0.8833780  -0.0679809
 77  12.1243557  -5.0000000  -0.4766511   0.8784706   0.0330609
 78  12.1243557  -6.0000000  -0.6165000   0.7861567   0.0434211
 79  13.8564065  -5.0000000  -0.4006979   0.9134104  -0.0715720
 80  -3.4641016  -6.0000000  -0.5638812   0.8256731   0.0173771
 81  -2.5980762  -6.5000000  -0.4772462   0.8735255  -0.0958606
 82  -2.5980762  -7.5000000  -0.4780746   0.8764009   0.0580184
 83  -0.8660254  -6.5000000  -0.5435047   0.8348505   0.0873345
 84  -0.8660254  -7.5000000  -0.5053305   0.8576211  -0.0955355
 85   0.8660254  -6.5000000  -0.4748538   0.8796816   0.0259628
 86   0.8660254  -7.5000000  -0.4747846   0.8708416  -0.1273363
 87   2.5980762  -6.5000000  -0.4764154   0.8791181  -0.0134042
 88   2.5980762  -7.5000000  -0.4737709   0.8684163  -0.1462680
 89   4.3301270  -6.5000000  -0.5926349   0.8051262   0.0235729
 90   4.3301270  -7.5000000  -0.5741585   0.8181474  -0.0312558
 91   6.0621778  -6.5000000  -0.5146914   0.8469139   0.1335277
 92   6.0621778  -7.5000000  -0.4866088   0.8720400   0.0525181
 93   7.7942286  -6.5000000  -0.4395251   0.8979279   0.0233082
 94   7.7942286  -7.5000000  -0.4543921   0.8762906  -0.1601333
 95   9.5262794  -6.5000000  -0.5641061   0.8254930  -0.0185901
 96   9.5262794  -7.5000000  -0.5245840   0.8513583   0.0007630
 97  11.2583302  -6.5000000  -0.5928544   0.7931841   0.1392216
 98  11.2583302  -7.5000000  -0.6422894   0.7663790   0.0112934
 99  12.9903811  -6.5000000  -0.4666269   0.8841004   0.0250183
100  -4.3301270  -7.5000000  -0.5352373   0.8444121  -0.0221182
101  -3.4641016  -8.0000000  -0.5029244   0.8631935  -0.0443185
102  -3.4641016  -9.0000000  -0.5634414   0.8238742  -0.0613599
103  -1.7320508  -8.0000000  -0.4759527   0.8786396   0.0382298
104  -1.7320508  -9.0000000  -0.5584596   0.8173733  -0.1415057
105  -0.0000000  -8.0000000  -0.6013679   0.7982185   0.0346958
106  -0.0000000  -9.0000000  -0.6060375   0.7939978  -0.0478128
107   1.7320508  -8.0000000  -0.4946640   0.8684977   0.0319265
108   1.7320508  -9.0000000  -0.5048773   0.8543475  -0.1232446
109   3.4641016  -8.0000000  -0.5054212   0.8601161  -0.0689178
110   3.4641016  -9.0000000  -0.5183229   0.8545507  -0.0329320
111   5.1961524  -8.0000000  -0.5248051   0.8393370  -0.1417500
112   5.1961524  -9.0000000  -0.5329524   0.8274583  -0.1768460
113   6.9282032  -8.0000000  -0.5524651   0.8310921   0.0637822
114   6.9282032  -9.0000000  -0.6182761   0.7750944   0.1302433
115   8.6602540  -8.0000000  -0.4125341   0.9101941  -0.0369092
116   8.6602540  -9.0000000  -0.4764544   0.8621474  -0.1723167
117  10.3923048  -8.0000000  -0.5174048   0.8533085   0.0644737
118  10.3923048  -9.0000000  -0.5205239   0.8454052  -0.1197704
119  12.1243557  -8.0000000  -0.4530810   0.8912778  -0.0184796
120  -5.1961524  -9.0000000  -0.4597153   0.8800092  -0.1193552
121  -4.3301270  -9.5000000  -0.5604053   0.8101399  -0.1721026
122  -4.3301270 -10.5000000  -0.5000096   0.8612459  -0.0908073
123  -2.5980762  -9.5000000  -0.5526354   0.8262343   0.1092286
124  -2.5980762 -10.5000000  -0.4359498   0.8907836  -0.1282666
125  -0.8660254  -9.5000000  -0.4802298   0.8771183  -0.0065465
126  -0.8660254 -10.5000000  -0.5231443   0.8520565   0.0178801
127   0.8660254  -9.5000000  -0.4713798   0.8811425   0.0372698
128   0.8660254 -10.5000000  -0.5639468   0.8195422  -0.1015607
129   2.5980762  -9.5000000  -0.3744947   0.9255829  -0.0552266
130   2.5980762 -10.5000000  -0.4834343   0.8646697  -0.1365199
131   4.3301270  -9.5000000  -0.5575538   0.8297206  -0.0264101
132   4.3301270 -10.5000000  -0.5712782   0.8151255  -0.0959777
133   6.0621778  -9.5000000  -0.6435251   0.7654201   0.0027470
134   6.0621778 -10.5000000  -0.5106295   0.8597492  -0.0094298
135   7.7942286  -9.5000000  -0.4618190   0.8762172   0.1377195
136   7.7942286 -10.5000000  -0.5772554   0.8165271  -0.0077319
137   9.5262794  -9.5000000  -0.4624145   0.8862383  -0.0274685
138   9.5262794 -10.5000000  -0.5389048   0.8269371  -0.1604891
139  11.2583302  -9.5000000  -0.5271541   0.8493938  -0.0252713
140  -6.0621778 -10.5000000  -0.5391952   0.8318985  -0.1311995
141  -5.1961524 -11.0000000  -0.2784592   0.9604025   0.0093571
142  -5.1961524 -12.0000000  -0.3901224   0.9171061  -0.0819806
143  -3.4641016 -11.0000000  -0.5751305   0.8012121  -0.1651787
144  -3.4641016 -12.0000000  -0.6002151   0.7998229   0.0050269
145  -1.7320508 -11.0000000  -0.5363575   0.8434649  -0.0297926
146  -1.7320508 -12.0000000  -0.5673500   0.8005343  -0.1930255
147  -0.0000000 -11.0000000  -0.5135315   0.8546246   0.0768261
148  -0.0000000 -12.0000000  -0.4823902   0.8757330  -0.0197864
149   1.7320508 -11.0000000  -0.4331519   0.8956611  -0.1008492
150   1.7320508 -12.0000000  -0.2987710   0.9526273  -0.0568949
151   3.4641016 -11.0000000  -0.4529418   0.8893332   0.0626916
152   3.4641016 -12.0000000  -0.4108609   0.9068465   0.0939301
153   5.1961524 -11.0000000  -0.4151821   0.9096780   0.0104758
154   5.1961524 -12.0000000  -0.5097394   0.8592626   0.0428196
155   6.9282032 -11.0000000  -0.5642271   0.8229392   0.0664738
156   6.9282032 -12.0000000  -0.5493307   0.8353375  -0.0211430
157   8.6602540 -11.0000000  -0.5678059   0.8093561   0.1501302
158   8.6602540 -12.0000000  -0.5788712   0.8153178   0.0128478
159  10.3923048 -11.0000000  -0.5102194   0.8393121  -0.1877003
160  -6.9282032 -12.0000000  -0.4538829   0.8759631  -0.1633368
161  -6.0621778 -12.5000000  -0.5254170   0.8507362   0.0135985
162  -6.0621778 -13.5000000  -0.4407129   0.8972108  -0.0280145
163  -4.3301270 -12.5000000  -0.6074059   0.7943788  -0.0045181
164  -4.3301270 -13.5000000  -0.6023707   0.7981588   0.0096005
165  -2.5980762 -12.5000000  -0.4857133   0.8716539   0.0655893
166  -2.5980762 -13.5000000  -0.4330245   0.8847944  -0.1721298
167  -0.8660254 -12.5000000  -0.5062990   0.8529485  -0.1270439
168  -0.8660254 -13.5000000  -0.4719550   0.8811495  -0.0288778
169   0.8660254 -12.5000000  -0.5091953   0.8569522  -0.0797062
170   0.8660254 -13.5000000  -0.5645670   0.8253753  -0.0044460
171   2.5980762 -12.5000000  -0.4515939   0.8841020  -0.1201110
172   2.5980762 -13.5000000  -0.4275611   0.9037442   0.0209255
173   4.3301270 -12.5000000  -0.5862093   0.8100932  -0.0103745
174   4.3301270 -13.5000000  -0.6536134   0.7526831   0.0791057
175   6.0621778 -12.5000000  -0.5263345   0.8322549   0.1741371
176   6.0621778 -13.5000000  -0.4464768   0.8881967  -0.1084666
177   7.7942286 -12.5000000  -0.5086771   0.8602871  -0.0339653
178   7.7942286 -13.5000000  -0.4500804   0.8888639  -0.0857237
179   9.5262794 -12.5000000  -0.4754769   0.8787945  -0.0405206
180  -7.7942286 -13.5000000  -0.4982314   0.8660294   0.0419347
181  -6.9282032 -14.0000000  -0.5557526   0.8313433   0.0027058
182  -6.9282032 -15.0000000  -0.6297906   0.7718301  -0.0874190
183  -5.1961524 -14.0000000  -0.4850004   0.8696238  -0.0923524
184  -5.1961524 -15.0000000  -0.4998222   0.8655399  -0.0319129
185  -3.4641016 -14.0000000  -0.3456519   0.9356518   0.0712778
186  -3.4641016 -15.0000000  -0.4820180   0.8760974   0.0105830
187  -1.7320508 -14.0000000  -0.4771987   0.8575056  -0.1922645
188  -1.7320508 -15.0000000  -0.5377560   0.8380591  -0.0920617
189  -0.0000000 -14.0000000  -0.4741417   0.8743439   0.1035005
190  -0.0000000 -15.0000000  -0.6066876   0.7943712  -0.0300754
191   1.7320508 -14.0000000  -0.4873034   0.8727064  -0.0303144
192   1.7320508 -15.0000000  -0.5632628   0.8256009  -0.0334400
193   3.4641016 -14.0000000  -0.5263034   0.8486346   0.0531410
194   3.4641016 -15.0000000  -0.5666163   0.8228529  -0.0431162
195   5.1961524 -14.0000000  -0.4631869   0.8855390   0.0357566
196   5.1961524 -15.0000000  -0.5821468   0.8127634  -0.0228181
197   6.9282032 -14.0000000  -0.4981474   0.8642457  -0.0702032
198   6.9282032 -15.0000000  -0.5112066   0.8502390  -0.1255449
199   8.6602540 -14.0000000  -0.4822362   0.8732864  -0.0694198
200  -8.6602540 -15.0000000  -0.5400604   0.8322208  -0.1254726
