site number 	 x-coord 	 y-cord 	 sx 	 sy 	 sy
  1   0.8660254  -0.5000000  -0.5882964   0.8086267  -0.0054977
  2   0.8660254  -1.5000000  -0.5635990   0.8255501  -0.0286907
  3   2.5980762  -0.5000000  -0.6846161   0.7140927  -0.1461933
  4   2.5980762  -1.5000000  -0.6645107   0.7448478  -0.0602270
  5   4.3301270  -0.5000000  -0.6026375   0.7979665  -0.0088042
  6   4.3301270  -1.5000000  -0.6337296   0.7625854  -0.1298084
  7   6.0621778  -0.5000000  -0.7761658   0.6272203  -0.0645087
  8   6.0621778  -1.5000000  -0.7909713   0.6097792   0.0503365
  9   7.7942286  -0.5000000  -0.7883585   0.6152160   0.0004138
 10   7.7942286  -1.5000000  -0.6889710   0.7245371  -0.0191045
 11   9.5262794  -0.5000000  -0.6524153   0.7446132   0.1410869
 12   9.5262794  -1.5000000  -0.6452016   0.7630677   0.0379816
 13  11.2583302  -0.5000000  -0.7308618   0.6824544   0.0098518
 14  11.2583302  -1.5000000  -0.6466557   0.7578747  -0.0863851
 15  12.9903811  -0.5000000  -0.7191340   0.6945885   0.0198270
 16  12.9903811  -1.5000000  -0.6555010   0.7525582  -0.0630444
 17  14.7224319  -0.5000000  -0.6329804   0.7627313  -0.1325774
 18  14.7224319  -1.5000000  -0.7489998   0.6608146  -0.0482016
 19  16.4544827  -0.5000000  -0.6189853   0.7842255  -0.0429835
 20  -0.8660254  -1.5000000  -0.6049590   0.7959973  -0.0203184
 21  -0.0000000  -2.0000000  -0.6650204   0.7387900  -0.1092575
 22  -0.0000000  -3.0000000  -0.6800374   0.7316878   0.0467132
 23   1.7320508  -2.0000000  -0.5719712   0.8184991  -0.0539268
 24   1.7320508  -3.0000000  -0.5633563   0.8122757  -0.1511223
 25   3.4641016  -2.0000000  -0.7268472   0.6804715  -0.0930145
 26   3.4641016  -3.0000000  -0.5554852   0.8273009  -0.0837224
 27   5.1961524  -2.0000000  -0.7909927   0.6077710  -0.0703207
 28   5.1961524  -3.0000000  -0.7083012   0.7045804  -0.0433101
 29   6.9282032  -2.0000000  -0.6886903   0.7248041  -0.0190958
 30   6.9282032  -3.0000000  -0.6838710   0.7286084   0.0380808
 31   8.6602540  -2.0000000  -0.6313277   0.7633950   0.1365775
 32   8.6602540  -3.0000000  -0.7036751   0.7026669   0.1053597
 33  10.3923048  -2.0000000  -0.5990617   0.7992485   0.0482387
 34  10.3923048  -3.0000000  -0.6306986   0.7727379  -0.0713821
 35  12.1243557  -2.0000000  -0.6495441   0.7544523  -0.0943092
 36  12.1243557  -3.0000000  -0.6311090   0.7756374  -0.0093788
 37  13.8564065  -2.0000000  -0.7121542   0.6598750   0.2395857
 38  13.8564065  -3.0000000  -0.5933951   0.8049112  -0.0005211
 39  15.5884573  -2.0000000  -0.6096788   0.7903852  -0.0598585
 40  -1.7320508  -3.0000000  -0.6076157   0.7931854   0.0407437
 41  -0.8660254  -3.5000000  -0.6872567   0.7258242  -0.0292838
 42  -0.8660254  -4.5000000  -0.6332961   0.7727928   0.0415611
 43   0.8660254  -3.5000000  -0.6162249   0.7868542   0.0335748
 44   0.8660254  -4.5000000  -0.7846296   0.6175578  -0.0545783
 45   2.5980762  -3.5000000  -0.6731713   0.7345590   0.0852266
 46   2.5980762  -4.5000000  -0.7505189   0.6600459  -0.0325708
 47   4.3301270  -3.5000000  -0.6782557   0.7336321  -0.0418707
 48   4.3301270  -4.5000000  -0.6727638   0.7393468  -0.0274804
 49   6.0621778  -3.5000000  -0.6890124   0.7196875   0.0855094
 50   6.0621778  -4.5000000  -0.6867609   0.7262047   0.0314043
 51   7.7942286  -3.5000000  -0.7404020   0.6721073  -0.0087549
 52   7.7942286  -4.5000000  -0.6312390   0.7727642   0.0661273
 53   9.5262794  -3.5000000  -0.5113511   0.8428271   0.1678170
 54   9.5262794  -4.5000000  -0.6536374   0.7564817  -0.0222172
 55  11.2583302  -3.5000000  -0.6776024   0.7340680   0.0447112
 56  11.2583302  -4.5000000  -0.7278004   0.6853997   0.0231063
 57  12.9903811  -3.5000000  -0.6595340   0.7499804  -0.0504409
 58  12.9903811  -4.5000000  -0.6776010   0.7354293  -0.0007902
 59  14.7224319  -3.5000000  -0.5939011   0.8044298  -0.0131980
 60  -2.5980762  -4.5000000  -0.7180736   0.6955813   0.0231728
 61  -1.7320508  -5.0000000  -0.6053132   0.7772652  -0.1716238
 62  -1.7320508  -6.0000000  -0.6761799   0.7318048  -0.0851023
 63  -0.0000000  -5.0000000  -0.7077107   0.6959212   0.1218168
 64  -0.0000000  -6.0000000  -0.6637033   0.7461657   0.0522940
 65   1.7320508  -5.0000000  -0.6472375   0.7609649   0.0448999
 66   1.7320508  -6.0000000  -0.7115827   0.6786593   0.1818561
 67   3.4641016  -5.0000000  -0.6393722   0.7501261  -0.1688613
 68   3.4641016  -6.0000000  -0.7052662   0.6960885  -0.1343890
 69   5.1961524  -5.0000000  -0.6957748   0.7129973  -0.0867891
 70   5.1961524  -6.0000000  -0.6012435   0.7967869  -0.0603065
 71   6.9282032  -5.0000000  -0.6518024   0.7574727  -0.0372668
 72   6.9282032  -6.0000000  -0.7645411   0.6443418   0.0173351
 73   8.6602540  -5.0000000  -0.6834834   0.7236444   0.0958603
 74   8.6602540  -6.0000000  -0.6929819   0.7147261  -0.0945661
 75  10.3923048  -5.0000000  -0.6529112   0.7574345  -0.0001707
 76  10.3923048  -6.0000000  -0.5497781   0.8353037  -0.0034350
 77  12.1243557  -5.0000000  -0.7346694   0.6752511  -0.0655504
 78  12.1243557  -6.0000000  -0.7229644   0.6906128   0.0194048
 79  13.8564065  -5.0000000  -0.6753629   0.7319466   0.0902175
 80  -3.4641016  -6.0000000  -0.7405610   0.6715279  -0.0248928
 81  -2.5980762  -6.5000000  -0.6990857   0.7141632   0.0353570
 82  -2.5980762  -7.5000000  -0.7218908   0.6802098   0.1272332
 83  -0.8660254  -6.5000000  -0.7536791   0.6537441   0.0677231
 84  -0.8660254  -7.5000000  -0.7432229   0.6440473   0.1811706
 85   0.8660254  -6.5000000  -0.7521746   0.6559311   0.0631493
 86   0.8660254  -7.5000000  -0.6747997   0.7143506   0.1853339
 87   2.5980762  -6.5000000  -0.7090551   0.6953033   0.1174488
 88   2.5980762  -7.5000000  -0.6023807   0.7799087   0.1699410
 89   4.3301270  -6.5000000  -0.5472148   0.8334899   0.0764896
 90   4.3301270  -7.5000000  -0.6155661   0.7878075  -0.0209219
 91   6.0621778  -6.5000000  -0.7004702   0.7123436  -0.0436812
 92   6.0621778  -7.5000000  -0.6954672   0.6986433  -0.1679965
 93   7.7942286  -6.5000000  -0.5582992   0.8144547   0.1580046
 94   7.7942286  -7.5000000  -0.6675510   0.7403771  -0.0788505
 95   9.5262794  -6.5000000  -0.6369253   0.7706882  -0.0191295
 96   9.5262794  -7.5000000  -0.6947953   0.7181495  -0.0389970
 97  11.2583302  -6.5000000  -0.7743645   0.6295634   0.0633204
 98  11.2583302  -7.5000000  -0.6279031   0.7781874   0.0127303
 99  12.9903811  -6.5000000  -0.6488184   0.7608760  -0.0101174
100  -4.3301270  -7.5000000  -0.5615217   0.8274331  -0.0069155
101  -3.4641016  -8.0000000  -0.7287438   0.6409424   0.2410918
102  -3.4641016  -9.0000000  -0.7231708   0.6655291   0.1846483
103  -1.7320508  -8.0000000  -0.7142664   0.6991396  -0.0320527
104  -1.7320508  -9.0000000  -0.7221774   0.6916896  -0.0050400
105  -0.0000000  -8.0000000  -0.7540653   0.6408228   0.1439848
106  -0.0000000  -9.0000000  -0.6805797   0.7326475  -0.0062471
107   1.7320508  -8.0000000  -0.6586741   0.7521732   0.0195948
108   1.7320508  -9.0000000  -0.5846118   0.8056227   0.0959226
109   3.4641016  -8.0000000  -0.6916585   0.7189637   0.0685539
110   3.4641016  -9.0000000  -0.7334915   0.6796724   0.0059714
111   5.1961524  -8.0000000  -0.7361028   0.6759530   0.0352161
112   5.1961524  -9.0000000  -0.7944061   0.6035483  -0.0681791
113   6.9282032  -8.0000000  -0.6819202   0.7248477  -0.0978811
114   6.9282032  -9.0000000  -0.7137476   0.6940326  -0.0942504
115   8.6602540  -8.0000000  -0.6283622   0.7701709   0.1095337
116   8.6602540  -9.0000000  -0.6380527   0.7698668  -0.0139230
117  10.3923048  -8.0000000  -0.6812117   0.7317716  -0.0214695
118  10.3923048  -9.0000000  -0.6464584   0.7447011   0.1658669
119  12.1243557  -8.0000000  -0.6224109   0.7816509   0.0403295
120  -5.1961524  -9.0000000  -0.7344903   0.6628053  -0.1456474
121  -4.3301270  -9.5000000  -0.6920964   0.7176914   0.0769513
122  -4.3301270 -10.5000000  -0.5980818   0.8014115  -0.0061409
123  -2.5980762  -9.5000000  -0.6884067   0.7251410   0.0163313
124  -2.5980762 -10.5000000  -0.7156120   0.6936450   0.0821958
125  -0.8660254  -9.5000000  -0.5893633   0.8069296  -0.0389296
126  -0.8660254 -10.5000000  -0.6104369   0.7915009  -0.0298854
127   0.8660254  -9.5000000  -0.6196277   0.7401289  -0.2612865
128   0.8660254 -10.5000000  -0.6511700   0.7558282  -0.0685662
129   2.5980762  -9.5000000  -0.6407214   0.7677536  -0.0055228
130   2.5980762 -10.5000000  -0.6821500   0.7311972   0.0046960
131   4.3301270  -9.5000000  -0.6913338   0.7141476   0.1097762
132   4.3301270 -10.5000000  -0.6936477   0.7165035   0.0739970
133   6.0621778  -9.5000000  -0.6106829   0.7866648   0.0906916
134   6.0621778 -10.5000000  -0.6483889   0.7294285  -0.2180043
135   7.7942286  -9.5000000  -0.6075140   0.7924788  -0.0538893
136   7.7942286 -10.5000000  -0.6187005   0.7855301   0.0123349
137   9.5262794  -9.5000000  -0.7158911   0.6938876  -0.0775886
138   9.5262794 -10.5000000  -0.7084088   0.7040560  -0.0496198
139  11.2583302  -9.5000000  -0.5160673   0.8506254  -0.1005532
140  -6.0621778 -10.5000000  -0.6413985   0.7669002  -0.0217255
141  -5.1961524 -11.0000000  -0.6567946   0.7440608  -0.1224511
142  -5.1961524 -12.0000000  -0.6842297   0.7071103  -0.1783949
143  -3.4641016 -11.0000000  -0.7214552   0.6787824   0.1369554
144  -3.4641016 -12.0000000  -0.7726887   0.6338574   0.0343058
145  -1.7320508 -11.0000000  -0.5938080   0.7926906   0.1379630
146  -1.7320508 -12.0000000  -0.5897082   0.8071916   0.0261910
147  -0.0000000 -11.0000000  -0.6657068   0.7307943  -0.1509111
148  -0.0000000 -12.0000000  -0.6551954   0.7522065  -0.0700317
149   1.7320508 -11.0000000  -0.7471742   0.6644546   0.0151898
150   1.7320508 -12.0000000  -0.7329538   0.6800443   0.0178427
151   3.4641016 -11.0000000  -0.5772075   0.8161490   0.0270613
152   3.4641016 -12.0000000  -0.5279568   0.8455087  -0.0798542
153   5.1961524 -11.0000000  -0.6221754   0.7799007   0.0682109
154   5.1961524 -12.0000000  -0.7046316   0.7075381   0.0537035
155   6.9282032 -11.0000000  -0.6663645   0.7456214  -0.0026691
156   6.9282032 -12.0000000  -0.6756143   0.7335952  -0.0733719
157   8.6602540 -11.0000000  -0.6939359   0.7200158  -0.0055075
158   8.6602540 -12.0000000  -0.7035681   0.7093087   0.0432790
159  10.3923048 -11.0000000  -0.7796024   0.6246460  -0.0451388
160  -6.9282032 -12.0000000  -0.7176124   0.6942045   0.0557892
161  -6.0621778 -12.5000000  -0.5827183   0.8105967  -0.0580724
162  -6.0621778 -13.5000000  -0.6241207   0.7813130   0.0048246
163  -4.3301270 -12.5000000  -0.7222426   0.6914662   0.0154960
164  -4.3301270 -13.5000000  -0.7306934   0.6799277  -0.0615259
165  -2.5980762 -12.5000000  -0.6871565   0.7153855  -0.1266472
166  -2.5980762 -13.5000000  -0.6281629   0.7729203   0.0894742
167  -0.8660254 -12.5000000  -0.6208662   0.7822046  -0.0517797
168  -0.8660254 -13.5000000  -0.6461940   0.7609996  -0.0575573
169   0.8660254 -12.5000000  -0.6595996   0.7515870  -0.0067407
170   0.8660254 -13.5000000  -0.6059498   0.7897334  -0.0956344
171   2.5980762 -12.5000000  -0.6204466   0.7788376   0.0919671
172   2.5980762 -13.5000000  -0.5810350   0.8130429   0.0368736
173   4.3301270 -12.5000000  -0.7224398   0.6764928   0.1429625
174   4.3301270 -13.5000000  -0.7217671   0.6895155   0.0601721
175   6.0621778 -12.5000000  -0.6644199   0.7469250  -0.0254807
176   6.0621778 -13.5000000  -0.6740683   0.7324355   0.0957611
177   7.7942286 -12.5000000  -0.6558656   0.7521733   0.0638399
178   7.7942286 -13.5000000  -0.6375255   0.7703588  -0.0104178
179   9.5262794 -12.5000000  -0.7171982   0.6947734  -0.0540063
180  -7.7942286 -13.5000000  -0.6430606   0.7634648  -0.0599553
181  -6.9282032 -14.0000000  -0.6898768   0.7167966   0.1013542
182  -6.9282032 -15.0000000  -0.6595452   0.7515225   0.0146297
183  -5.1961524 -14.0000000  -0.5837505   0.8117896  -0.0152646
184  -5.1961524 -15.0000000  -0.6326129   0.7744536   0.0047335
185  -3.4641016 -14.0000000  -0.6367820   0.7691982  -0.0533182
186  -3.4641016 -15.0000000  -0.6783443   0.7249810  -0.1193800
187  -1.7320508 -14.0000000  -0.6192060   0.7834622  -0.0526396
188  -1.7320508 -15.0000000  -0.6489381   0.7490026  -0.1336958
189  -0.0000000 -14.0000000  -0.6230908   0.7817579  -0.0247488
190  -0.0000000 -15.0000000  -0.6148585   0.7811605   0.1083385
191   1.7320508 -14.0000000  -0.5838414   0.8083972   0.0749874
192   1.7320508 -15.0000000  -0.6656080   0.7349890  -0.1294492
193   3.4641016 -14.0000000  -0.7484708   0.6454170   0.1524087
194   3.4641016 -15.0000000  -0.7403203   0.6684799   0.0711365
195   5.1961524 -14.0000000  -0.5882789   0.8083345   0.0228751
196   5.1961524 -15.0000000  -0.7131535   0.6901860  -0.1227005
197   6.9282032 -14.0000000  -0.7126301   0.7009582  -0.0285661
198   6.9282032 -15.0000000  -0.6020374   0.7925039  -0.0974092
199   8.6602540 -14.0000000  -0.7219404   0.6914781  -0.0256911
200  -8.6602540 -15.0000000  -0.6273360   0.7717269  -0.1043413
