site number 	 x-coord 	 y-cord 	 sx 	 sy 	 sy
  1   0.8660254  -0.5000000   0.8432621  -0.5360584   0.0393749
  2   0.8660254  -1.5000000   0.8143385  -0.5749376   0.0793697
  3   2.5980762  -0.5000000   0.8292890  -0.5585519   0.0173068
  4   2.5980762  -1.5000000   0.7243699  -0.6827199  -0.0958213
  5   4.3301270  -0.5000000   0.8238872  -0.5645484   0.0499508
  6   4.3301270  -1.5000000   0.8176175  -0.5754376   0.0193163
  7   6.0621778  -0.5000000   0.7953628  -0.6051176  -0.0350826
  8   6.0621778  -1.5000000   0.8432137  -0.5123935  -0.1626147
  9   7.7942286  -0.5000000   0.8062509  -0.5897078  -0.0469485
 10   7.7942286  -1.5000000   0.7517757  -0.6530497  -0.0914291
 11   9.5262794  -0.5000000   0.8334573  -0.5412231  -0.1114739
 12   9.5262794  -1.5000000   0.8440497  -0.5343743  -0.0449912
 13  11.2583302  -0.5000000   0.8280045  -0.5575644   0.0594179
 14  11.2583302  -1.5000000   0.8182570  -0.5748415   0.0035658
 15  12.9903811  -0.5000000   0.7469259  -0.6644276  -0.0252510
 16  12.9903811  -1.5000000   0.6845183  -0.7178038   0.1272491
 17  14.7224319  -0.5000000   0.8478771  -0.5272843   0.0554584
 18  14.7224319  -1.5000000   0.7519752  -0.6551698   0.0727038
 19  16.4544827  -0.5000000   0.8455096  -0.5305124  -0.0605813
 20  -0.8660254  -1.5000000   0.8448944  -0.5057896  -0.1741558
 21  -0.0000000  -2.0000000   0.8400052  -0.5425762  -0.0015358
 22  -0.0000000  -3.0000000   0.7762101  -0.6216094  -0.1053551
 23   1.7320508  -2.0000000   0.7118404  -0.6929488   0.1144784
 24   1.7320508  -3.0000000   0.8083482  -0.5852268   0.0638972
 25   3.4641016  -2.0000000   0.8683226  -0.4926454  -0.0575872
 26   3.4641016  -3.0000000   0.8657378  -0.4847679  -0.1244913
 27   5.1961524  -2.0000000   0.8085938  -0.5816696  -0.0885244
 28   5.1961524  -3.0000000   0.7786723  -0.6187603  -0.1039476
 29   6.9282032  -2.0000000   0.8767783  -0.4808227   0.0083237
 30   6.9282032  -3.0000000   0.8626271  -0.5058395   0.0009713
 31   8.6602540  -2.0000000   0.8328130  -0.5529720  -0.0253865
 32   8.6602540  -3.0000000   0.7996263  -0.5901054  -0.1112359
 33  10.3923048  -2.0000000   0.7807927  -0.6196211   0.0802027
 34  10.3923048  -3.0000000   0.8325855  -0.5531700  -0.0283593
 35  12.1243557  -2.0000000   0.7982516  -0.5983422   0.0691452
 36  12.1243557  -3.0000000   0.7489164  -0.6612707  -0.0429566
 37  13.8564065  -2.0000000   0.6987863  -0.6989776  -0.1520792
 38  13.8564065  -3.0000000   0.7515188  -0.6472695  -0.1275216
 39  15.5884573  -2.0000000   0.8325859  -0.5528924  -0.0333261
 40  -1.7320508  -3.0000000   0.7586311  -0.6439654  -0.0989312
 41  -0.8660254  -3.5000000   0.8417909  -0.5372936   0.0519967
 42  -0.8660254  -4.5000000   0.7711552  -0.6199436   0.1448778
 43   0.8660254  -3.5000000   0.7551742  -0.6540348  -0.0441645
 44   0.8660254  -4.5000000   0.8657296  -0.4951106  -0.0733333
 45   2.5980762  -3.5000000   0.8272092  -0.5613273   0.0252312
 46   2.5980762  -4.5000000   0.8451281  -0.5344999  -0.0082717
 47   4.3301270  -3.5000000   0.8379421  -0.5447626  -0.0329645
 48   4.3301270  -4.5000000   0.8296366  -0.4878115  -0.2715568
 49   6.0621778  -3.5000000   0.7887271  -0.6067477  -0.0988275
 50   6.0621778  -4.5000000   0.7604619  -0.6486021  -0.0318279
 51   7.7942286  -3.5000000   0.7963735  -0.6002594   0.0740125
 52   7.7942286  -4.5000000   0.7906606  -0.5849559  -0.1807826
 53   9.5262794  -3.5000000   0.8588205  -0.5118064  -0.0219432
 54   9.5262794  -4.5000000   0.7860086  -0.6149025   0.0639175
 55  11.2583302  -3.5000000   0.7573448  -0.6507060   0.0548686
 56  11.2583302  -4.5000000   0.7094772  -0.6877630  -0.1537015
 57  12.9903811  -3.5000000   0.7998742  -0.5994913  -0.0284870
 58  12.9903811  -4.5000000   0.7924328  -0.6023497  -0.0960470
 59  14.7224319  -3.5000000   0.7908977  -0.6106330  -0.0401017
 60  -2.5980762  -4.5000000   0.8799634  -0.4733914  -0.0395591
 61  -1.7320508  -5.0000000   0.8718563  -0.4797229  -0.0986535
 62  -1.7320508  -6.0000000   0.7701507  -0.6210002  -0.1456938
 63  -0.0000000  -5.0000000   0.8231664  -0.5393468   0.1774883
 64  -0.0000000  -6.0000000   0.8212508  -0.5650823  -0.0789250
 65   1.7320508  -5.0000000   0.8155774  -0.5777555  -0.0321276
 66   1.7320508  -6.0000000   0.7238121  -0.6891026  -0.0351234
 67   3.4641016  -5.0000000   0.8597614  -0.5097117  -0.0316908
 68   3.4641016  -6.0000000   0.8807365  -0.4704337  -0.0547296
 69   5.1961524  -5.0000000   0.7778021  -0.6267820  -0.0465647
 70   5.1961524  -6.0000000   0.8421226  -0.5377477  -0.0407056
 71   6.9282032  -5.0000000   0.8766880  -0.4796927  -0.0362367
 72   6.9282032  -6.0000000   0.8365581  -0.5400439  -0.0923213
 73   8.6602540  -5.0000000   0.7869761  -0.6144659  -0.0556791
 74   8.6602540  -6.0000000   0.7285275  -0.6776523  -0.1001749
 75  10.3923048  -5.0000000   0.7089679  -0.7019717  -0.0678253
 76  10.3923048  -6.0000000   0.7832035  -0.6178786   0.0694136
 77  12.1243557  -5.0000000   0.8988004  -0.4186501  -0.1299614
 78  12.1243557  -6.0000000   0.7844068  -0.6172664  -0.0607305
 79  13.8564065  -5.0000000   0.8230833  -0.5664205  -0.0412515
 80  -3.4641016  -6.0000000   0.7409643  -0.6700107   0.0453613
 81  -2.5980762  -6.5000000   0.8590299  -0.5117606   0.0129905
 82  -2.5980762  -7.5000000   0.8890657  -0.4577650   0.0036588
 83  -0.8660254  -6.5000000   0.8454774  -0.5329664  -0.0333889
 84  -0.8660254  -7.5000000   0.7528734  -0.6539160  -0.0746691
 85   0.8660254  -6.5000000   0.7630157  -0.6463705  -0.0035065
 86   0.8660254  -7.5000000   0.8153969  -0.5728474  -0.0835087
 87   2.5980762  -6.5000000   0.8165371  -0.5713921  -0.0823295
 88   2.5980762  -7.5000000   0.7902253  -0.6124463  -0.0212976
 89   4.3301270  -6.5000000   0.7596169  -0.6502449  -0.0127962
 90   4.3301270  -7.5000000   0.8521528  -0.5232801   0.0036703
 91   6.0621778  -6.5000000   0.8529930  -0.5205719  -0.0375224
 92   6.0621778  -7.5000000   0.8522239  -0.5231194   0.0077801
 93   7.7942286  -6.5000000   0.7736217  -0.6334690  -0.0150499
 94   7.7942286  -7.5000000   0.7448044  -0.6658554   0.0436239
 95   9.5262794  -6.5000000   0.8079657  -0.5693856   0.1516294
 96   9.5262794  -7.5000000   0.8030754  -0.5926865   0.0615834
 97  11.2583302  -6.5000000   0.7058372  -0.6769089   0.2087778
 98  11.2583302  -7.5000000   0.7407706  -0.6715945   0.0148236
 99  12.9903811  -6.5000000   0.6934920  -0.7070220   0.1385233
100  -4.3301270  -7.5000000   0.7204039  -0.6905772   0.0641987
101  -3.4641016  -8.0000000   0.8654602  -0.4893110   0.1074869
102  -3.4641016  -9.0000000   0.8252917  -0.5632372  -0.0407126
103  -1.7320508  -8.0000000   0.8031025  -0.5877678  -0.0977519
104  -1.7320508  -9.0000000   0.8734535  -0.4828730  -0.0625517
105  -0.0000000  -8.0000000   0.8410102  -0.5309094  -0.1041017
106  -0.0000000  -9.0000000   0.8368365  -0.5151083  -0.1853865
107   1.7320508  -8.0000000   0.8564008  -0.5058491  -0.1034134
108   1.7320508  -9.0000000   0.7823813  -0.6209237   0.0483038
109   3.4641016  -8.0000000   0.8585780  -0.5112803  -0.0378990
110   3.4641016  -9.0000000   0.8425588  -0.5379758   0.0260151
111   5.1961524  -8.0000000   0.8692980  -0.4779506   0.1260329
112   5.1961524  -9.0000000   0.7804127  -0.6245421  -0.0300526
113   6.9282032  -8.0000000   0.6900169  -0.7220768   0.0498179
114   6.9282032  -9.0000000   0.8142227  -0.5805513  -0.0012786
115   8.6602540  -8.0000000   0.7943531  -0.6062294   0.0385883
116   8.6602540  -9.0000000   0.7702244  -0.6372370  -0.0261420
117  10.3923048  -8.0000000   0.7927091  -0.6082100   0.0411450
118  10.3923048  -9.0000000   0.8122085  -0.5736911  -0.1058110
119  12.1243557  -8.0000000   0.7150827  -0.6897105   0.1138249
120  -5.1961524  -9.0000000   0.7257336  -0.6779522   0.1170108
121  -4.3301270  -9.5000000   0.8768864  -0.4773797  -0.0563813
122  -4.3301270 -10.5000000   0.8185981  -0.5709636  -0.0624321
123  -2.5980762  -9.5000000   0.8787238  -0.4757897  -0.0383238
124  -2.5980762 -10.5000000   0.8222929  -0.5673870   0.0436633
125  -0.8660254  -9.5000000   0.7786711  -0.6178413  -0.1092860
126  -0.8660254 -10.5000000   0.7357228  -0.6708954  -0.0927969
127   0.8660254  -9.5000000   0.8399017  -0.5284395  -0.1237614
128   0.8660254 -10.5000000   0.8961272  -0.4336471  -0.0943725
129   2.5980762  -9.5000000   0.7667188  -0.6406476  -0.0413876
130   2.5980762 -10.5000000   0.7317898  -0.6807890   0.0317814
131   4.3301270  -9.5000000   0.6816826  -0.7313945  -0.0192597
132   4.3301270 -10.5000000   0.8327064  -0.5486612   0.0746387
133   6.0621778  -9.5000000   0.8281889  -0.5556173  -0.0734339
134   6.0621778 -10.5000000   0.8310995  -0.5524503  -0.0638144
135   7.7942286  -9.5000000   0.7303336  -0.6808179  -0.0556753
136   7.7942286 -10.5000000   0.7616762  -0.6479510   0.0029900
137   9.5262794  -9.5000000   0.8454798  -0.5205896   0.1189555
138   9.5262794 -10.5000000   0.8058240  -0.5921308  -0.0053656
139  11.2583302  -9.5000000   0.8173060  -0.5246789  -0.2381656
140  -6.0621778 -10.5000000   0.8762349  -0.4608225  -0.1409079
141  -5.1961524 -11.0000000   0.7816739  -0.6236172  -0.0093498
142  -5.1961524 -12.0000000   0.7547617  -0.6551630  -0.0331084
143  -3.4641016 -11.0000000   0.8229136  -0.5495042  -0.1444240
144  -3.4641016 -12.0000000   0.8522828  -0.5122599  -0.1058483
145  -1.7320508 -11.0000000   0.7920954  -0.6097884   0.0272588
146  -1.7320508 -12.0000000   0.7696947  -0.6296369  -0.1054862
147  -0.0000000 -11.0000000   0.7881339  -0.6096484  -0.0846983
148  -0.0000000 -12.0000000   0.8186651  -0.5374006  -0.2024550
149   1.7320508 -11.0000000   0.7533238  -0.6557892  -0.0494349
150   1.7320508 -12.0000000   0.8261724  -0.5617217  -0.0436799
151   3.4641016 -11.0000000   0.8480104  -0.5246911   0.0746832
152   3.4641016 -12.0000000   0.8238058  -0.5533773   0.1229533
153   5.1961524 -11.0000000   0.8195900  -0.5722104   0.0291115
154   5.1961524 -12.0000000   0.8233393  -0.5675094   0.0067446
155   6.9282032 -11.0000000   0.8331419  -0.5527516   0.0184436
156   6.9282032 -12.0000000   0.8682481  -0.4961294  -0.0009765
157   8.6602540 -11.0000000   0.8314434  -0.5505204  -0.0750277
158   8.6602540 -12.0000000   0.7869913  -0.6104813  -0.0892035
159  10.3923048 -11.0000000   0.8300447  -0.5576935   0.0019684
160  -6.9282032 -12.0000000   0.8026112  -0.5963178  -0.0148448
161  -6.0621778 -12.5000000   0.7631195  -0.6451313   0.0381349
162  -6.0621778 -13.5000000   0.8035575  -0.5887937  -0.0872774
163  -4.3301270 -12.5000000   0.9116515  -0.4066276  -0.0595442
164  -4.3301270 -13.5000000   0.8270219  -0.5620391   0.0121177
165  -2.5980762 -12.5000000   0.8147697  -0.5684240  -0.1142127
166  -2.5980762 -13.5000000   0.8604435  -0.4771246  -0.1788550
167  -0.8660254 -12.5000000   0.8626051  -0.4955705  -0.1015988
168  -0.8660254 -13.5000000   0.8633956  -0.4682194  -0.1879325
169   0.8660254 -12.5000000   0.8485766  -0.5230935   0.0793160
170   0.8660254 -13.5000000   0.8269279  -0.5521048  -0.1066323
171   2.5980762 -12.5000000   0.8271696  -0.5605087  -0.0402540
172   2.5980762 -13.5000000   0.8832179  -0.4639137  -0.0686315
173   4.3301270 -12.5000000   0.8945191  -0.4404444   0.0764476
174   4.3301270 -13.5000000   0.8767074  -0.4794526  -0.0388490
175   6.0621778 -12.5000000   0.8284605  -0.5554079  -0.0719399
176   6.0621778 -13.5000000   0.7767849  -0.6294582   0.0196869
177   7.7942286 -12.5000000   0.7819816  -0.6202644  -0.0614560
178   7.7942286 -13.5000000   0.8915757  -0.4383718  -0.1136788
179   9.5262794 -12.5000000   0.7505305  -0.6600108   0.0330094
180  -7.7942286 -13.5000000   0.8157840  -0.5699779  -0.0980896
181  -6.9282032 -14.0000000   0.8252169  -0.5631110   0.0438531
182  -6.9282032 -15.0000000   0.7818669  -0.6155809  -0.0987131
183  -5.1961524 -14.0000000   0.8162179  -0.5774643  -0.0179790
184  -5.1961524 -15.0000000   0.8494384  -0.5247091  -0.0559890
185  -3.4641016 -14.0000000   0.8552243  -0.5049582  -0.1166564
186  -3.4641016 -15.0000000   0.8216261  -0.5573002  -0.1197793
187  -1.7320508 -14.0000000   0.8380466  -0.5355578  -0.1041912
188  -1.7320508 -15.0000000   0.8248457  -0.5651697  -0.0145890
189  -0.0000000 -14.0000000   0.8415475  -0.5326483  -0.0899090
190  -0.0000000 -15.0000000   0.7808040  -0.6128137  -0.1216735
191   1.7320508 -14.0000000   0.8851178  -0.4559909  -0.0929452
192   1.7320508 -15.0000000   0.8177649  -0.5642274  -0.1136139
193   3.4641016 -14.0000000   0.9047333  -0.4066205  -0.1269540
194   3.4641016 -15.0000000   0.8476839  -0.5303488  -0.0127360
195   5.1961524 -14.0000000   0.7837190  -0.6186234  -0.0555840
196   5.1961524 -15.0000000   0.7985727  -0.5888710  -0.1245493
197   6.9282032 -14.0000000   0.8236577  -0.5663231   0.0294314
198   6.9282032 -15.0000000   0.8525281  -0.5200984   0.0518994
199   8.6602540 -14.0000000   0.7734451  -0.6338336   0.0061342
200  -8.6602540 -15.0000000   0.7671445  -0.6221589  -0.1562296
