site number 	 x-coord 	 y-cord 	 sx 	 sy 	 sy
  1   0.8660254  -0.5000000  -0.5374076   0.8428118  -0.0293491
  2   0.8660254  -1.5000000  -0.5793600   0.8096573  -0.0937925
  3   2.5980762  -0.5000000  -0.5173993   0.8497502  -0.1011069
  4   2.5980762  -1.5000000  -0.5239920   0.8456534  -0.1015028
  5   4.3301270  -0.5000000  -0.5361490   0.8420378  -0.0593011
  6   4.3301270  -1.5000000  -0.4516831   0.8769173  -0.1643121
  7   6.0621778  -0.5000000  -0.6369499   0.7708989   0.0031199
  8   6.0621778  -1.5000000  -0.3796336   0.9245630  -0.0325816
  9   7.7942286  -0.5000000  -0.4810785   0.8753687   0.0478870
 10   7.7942286  -1.5000000  -0.5582077   0.8295059  -0.0180045
 11   9.5262794  -0.5000000  -0.4526247   0.8809075  -0.1383218
 12   9.5262794  -1.5000000  -0.4346643   0.8952410  -0.0980329
 13  11.2583302  -0.5000000  -0.5522029   0.8334825  -0.0194671
 14  11.2583302  -1.5000000  -0.5136875   0.8574449  -0.0302242
 15  12.9903811  -0.5000000  -0.4861077   0.8738246  -0.0113907
 16  12.9903811  -1.5000000  -0.5510861   0.8332179   0.0452993
 17  14.7224319  -0.5000000  -0.4576127   0.8736870   0.1651111
 18  14.7224319  -1.5000000  -0.5954286   0.8032177  -0.0174967
 19  16.4544827  -0.5000000  -0.4735051   0.8803591   0.0275807
 20  -0.8660254  -1.5000000  -0.4471474   0.8891830  -0.0970197
 21  -0.0000000  -2.0000000  -0.4717806   0.8792513   0.0658800
 22  -0.0000000  -3.0000000  -0.4665556   0.8841626   0.0241311
 23   1.7320508  -2.0000000  -0.4401826   0.8969283   0.0419395
 24   1.7320508  -3.0000000  -0.5133771   0.8571171  -0.0423579
 25   3.4641016  -2.0000000  -0.4012880   0.9091840  -0.1111417
 26   3.4641016  -3.0000000  -0.4644101   0.8457871  -0.2626164
 27   5.1961524  -2.0000000  -0.5199826   0.8490841   0.0931353
 28   5.1961524  -3.0000000  -0.5335077   0.8456500  -0.0156714
 29   6.9282032  -2.0000000  -0.6333856   0.7672796   0.1005217
 30   6.9282032  -3.0000000  -0.5689376   0.8198087   0.0649898
 31   8.6602540  -2.0000000  -0.3380211   0.9407718  -0.0262689
 32   8.6602540  -3.0000000  -0.5578126   0.8282866  -0.0527871
 33  10.3923048  -2.0000000  -0.5150323   0.8570676   0.0132981
 34  10.3923048  -3.0000000  -0.5587313   0.8293135  -0.0076446
 35  12.1243557  -2.0000000  -0.4184802   0.9074448   0.0376588
 36  12.1243557  -3.0000000  -0.5618992   0.8259076  -0.0463246
 37  13.8564065  -2.0000000  -0.5250390   0.8483649   0.0679041
 38  13.8564065  -3.0000000  -0.4309999   0.9011954   0.0456729
 39  15.5884573  -2.0000000  -0.5102069   0.8600302   0.0060761
 40  -1.7320508  -3.0000000  -0.5809552   0.8117252  -0.0599433
 41  -0.8660254  -3.5000000  -0.3943030   0.9189799  -0.0010162
 42  -0.8660254  -4.5000000  -0.4271607   0.8670191  -0.2565379
 43   0.8660254  -3.5000000  -0.4368582   0.8995281  -0.0020195
 44   0.8660254  -4.5000000  -0.4625612   0.8837434   0.0709562
 45   2.5980762  -3.5000000  -0.3939910   0.9059507   0.1549979
 46   2.5980762  -4.5000000  -0.5714512   0.7980701  -0.1911222
 47   4.3301270  -3.5000000  -0.4552671   0.8878319  -0.0669800
 48   4.3301270  -4.5000000  -0.5104047   0.8544622  -0.0968578
 49   6.0621778  -3.5000000  -0.5438759   0.8365718   0.0659284
 50   6.0621778  -4.5000000  -0.6298225   0.7664607  -0.1259431
 51   7.7942286  -3.5000000  -0.5699406   0.8171123   0.0865750
 52   7.7942286  -4.5000000  -0.5393393   0.8398389   0.0615115
 53   9.5262794  -3.5000000  -0.5337472   0.8443279   0.0471630
 54   9.5262794  -4.5000000  -0.4666770   0.8841924   0.0204067
 55  11.2583302  -3.5000000  -0.5049340   0.8629745  -0.0177964
 56  11.2583302  -4.5000000  -0.5554555   0.8276365  -0.0805420
 57  12.9903811  -3.5000000  -0.4720349   0.8815064   0.0113846
 58  12.9903811  -4.5000000  -0.4241543   0.9042538  -0.0491753
 59  14.7224319  -3.5000000  -0.5152494   0.8538908  -0.0734067
 60  -2.5980762  -4.5000000  -0.4439072   0.8843807  -0.1442817
 61  -1.7320508  -5.0000000  -0.5312879   0.8442061   0.0710577
 62  -1.7320508  -6.0000000  -0.5408001   0.8379110  -0.0737593
 63  -0.0000000  -5.0000000  -0.4661624   0.8837484   0.0410056
 64  -0.0000000  -6.0000000  -0.3477402   0.9373247  -0.0223427
 65   1.7320508  -5.0000000  -0.4946372   0.8625061   0.1068512
 66   1.7320508  -6.0000000  -0.5342102   0.8402369  -0.0928515
 67   3.4641016  -5.0000000  -0.5471450   0.8370243   0.0047683
 68   3.4641016  -6.0000000  -0.4024063   0.8901127  -0.2139358
 69   5.1961524  -5.0000000  -0.5169628   0.8428007   0.1497882
 70   5.1961524  -6.0000000  -0.5224746   0.8479324  -0.0896160
 71   6.9282032  -5.0000000  -0.5385117   0.8410256   0.0517786
 72   6.9282032  -6.0000000  -0.6306074   0.7759070  -0.0173988
 73   8.6602540  -5.0000000  -0.5287128   0.8484046   0.0259295
 74   8.6602540  -6.0000000  -0.5231687   0.8513128  -0.0395094
 75  10.3923048  -5.0000000  -0.5587381   0.8128530   0.1645654
 76  10.3923048  -6.0000000  -0.5492635   0.8141827   0.1881916
 77  12.1243557  -5.0000000  -0.4016418   0.9152109   0.0327545
 78  12.1243557  -6.0000000  -0.4209277   0.9065712  -0.0307973
 79  13.8564065  -5.0000000  -0.4435605   0.8913407   0.0936264
 80  -3.4641016  -6.0000000  -0.3872055   0.9138888  -0.1219801
 81  -2.5980762  -6.5000000  -0.4554817   0.8902432   0.0018465
 82  -2.5980762  -7.5000000  -0.5052662   0.8596412   0.0756515
 83  -0.8660254  -6.5000000  -0.4041442   0.9122496   0.0668436
 84  -0.8660254  -7.5000000  -0.5384650   0.8419999  -0.0330389
 85   0.8660254  -6.5000000  -0.5120768   0.8539867   0.0921089
 86   0.8660254  -7.5000000  -0.5797094   0.8085666   0.1007822
 87   2.5980762  -6.5000000  -0.4002171   0.9137512   0.0698932
 88   2.5980762  -7.5000000  -0.4578624   0.8890147   0.0038639
 89   4.3301270  -6.5000000  -0.5839548   0.8072579   0.0856239
 90   4.3301270  -7.5000000  -0.5496533   0.8351396   0.0205697
 91   6.0621778  -6.5000000  -0.4514358   0.8879959   0.0875731
 92   6.0621778  -7.5000000  -0.5771217   0.7994624  -0.1667046
 93   7.7942286  -6.5000000  -0.4599631   0.8877146  -0.0199178
 94   7.7942286  -7.5000000  -0.5460182   0.8240096  -0.1512359
 95   9.5262794  -6.5000000  -0.5140254   0.8570474   0.0353228
 96   9.5262794  -7.5000000  -0.3957612   0.9093555  -0.1282407
 97  11.2583302  -6.5000000  -0.5470616   0.8298002   0.1102503
 98  11.2583302  -7.5000000  -0.6228298   0.7808243   0.0489544
 99  12.9903811  -6.5000000  -0.4176429   0.9085334   0.0118912
100  -4.3301270  -7.5000000  -0.4388811   0.8971708  -0.0496774
101  -3.4641016  -8.0000000  -0.4860130   0.8661316  -0.1166506
102  -3.4641016  -9.0000000  -0.4798211   0.8742907  -0.0733999
103  -1.7320508  -8.0000000  -0.4434759   0.8903733   0.1027840
104  -1.7320508  -9.0000000  -0.5433591   0.8226045  -0.1675789
105  -0.0000000  -8.0000000  -0.5787193   0.8132095   0.0614352
106  -0.0000000  -9.0000000  -0.4914859   0.8691176  -0.0554633
107   1.7320508  -8.0000000  -0.3392791   0.9390745   0.0550339
108   1.7320508  -9.0000000  -0.4550841   0.8773602  -0.1521103
109   3.4641016  -8.0000000  -0.5393777   0.8410484   0.0413436
110   3.4641016  -9.0000000  -0.4730655   0.8804780  -0.0311041
111   5.1961524  -8.0000000  -0.4635696   0.8856966   0.0253933
112   5.1961524  -9.0000000  -0.6321821   0.7747987  -0.0057256
113   6.9282032  -8.0000000  -0.5390188   0.8283596   0.1525748
114   6.9282032  -9.0000000  -0.6012597   0.7943725   0.0863659
115   8.6602540  -8.0000000  -0.4723613   0.8812089  -0.0185900
116   8.6602540  -9.0000000  -0.4507216   0.8920307  -0.0336338
117  10.3923048  -8.0000000  -0.4597557   0.8876826   0.0253837
118  10.3923048  -9.0000000  -0.5157381   0.8531388   0.0785396
119  12.1243557  -8.0000000  -0.5653842   0.8222178   0.0655629
120  -5.1961524  -9.0000000  -0.4289836   0.8828317  -0.1912620
121  -4.3301270  -9.5000000  -0.5661513   0.8166355  -0.1121570
122  -4.3301270 -10.5000000  -0.5127800   0.8582142   0.0229122
123  -2.5980762  -9.5000000  -0.5079229   0.8527896  -0.1215080
124  -2.5980762 -10.5000000  -0.4119252   0.9063294  -0.0942585
125  -0.8660254  -9.5000000  -0.4495506   0.8822842  -0.1395669
126  -0.8660254 -10.5000000  -0.4456769   0.8694216  -0.2132560
127   0.8660254  -9.5000000  -0.4554070   0.8899654   0.0237931
128   0.8660254 -10.5000000  -0.5279614   0.8472488  -0.0585331
129   2.5980762  -9.5000000  -0.4486725   0.8924856  -0.0465025
130   2.5980762 -10.5000000  -0.3757935   0.8705636  -0.3176448
131   4.3301270  -9.5000000  -0.5145524   0.8574582  -0.0011677
132   4.3301270 -10.5000000  -0.5290376   0.8485963  -0.0018919
133   6.0621778  -9.5000000  -0.5218134   0.8464364  -0.1060952
134   6.0621778 -10.5000000  -0.5479569   0.8363171   0.0178023
135   7.7942286  -9.5000000  -0.4018623   0.9149214   0.0377566
136   7.7942286 -10.5000000  -0.3387385   0.9353102  -0.1022307
137   9.5262794  -9.5000000  -0.4194407   0.9065487   0.0473181
138   9.5262794 -10.5000000  -0.3632282   0.9313475   0.0256349
139  11.2583302  -9.5000000  -0.4496673   0.8919630   0.0469180
140  -6.0621778 -10.5000000  -0.4846699   0.8728700  -0.0565076
141  -5.1961524 -11.0000000  -0.4961826   0.8357613  -0.2351719
142  -5.1961524 -12.0000000  -0.5438004   0.8132764  -0.2070329
143  -3.4641016 -11.0000000  -0.3548794   0.9344787   0.0284622
144  -3.4641016 -12.0000000  -0.4849280   0.8730934  -0.0505245
145  -1.7320508 -11.0000000  -0.3968335   0.9178809  -0.0042132
146  -1.7320508 -12.0000000  -0.3389359   0.9392357  -0.0543942
147  -0.0000000 -11.0000000  -0.4255631   0.8982400   0.1098226
148  -0.0000000 -12.0000000  -0.4635149   0.8735877  -0.1483188
149   1.7320508 -11.0000000  -0.5202182   0.8510033  -0.0718771
150   1.7320508 -12.0000000  -0.5641434   0.8189516  -0.1051683
151   3.4641016 -11.0000000  -0.5677084   0.8115922  -0.1379320
152   3.4641016 -12.0000000  -0.4853748   0.8727546   0.0520638
153   5.1961524 -11.0000000  -0.3953986   0.9184541  -0.0101003
154   5.1961524 -12.0000000  -0.3781552   0.9250059   0.0369163
155   6.9282032 -11.0000000  -0.4405980   0.8949646   0.0700847
156   6.9282032 -12.0000000  -0.4711272   0.8804612   0.0531718
157   8.6602540 -11.0000000  -0.5813284   0.8107293  -0.0691032
158   8.6602540 -12.0000000  -0.5409021   0.8260374  -0.1583895
159  10.3923048 -11.0000000  -0.4339858   0.8820590   0.1833800
160  -6.9282032 -12.0000000  -0.4906967   0.8529971  -0.1777995
161  -6.0621778 -12.5000000  -0.5372040   0.8412593  -0.0607836
162  -6.0621778 -13.5000000  -0.4635487   0.8753890  -0.1371737
163  -4.3301270 -12.5000000  -0.3832007   0.9236369   0.0072237
164  -4.3301270 -13.5000000  -0.4180157   0.9084245  -0.0052642
165  -2.5980762 -12.5000000  -0.3203260   0.9472464  -0.0107466
166  -2.5980762 -13.5000000  -0.4425898   0.8966752  -0.0093727
167  -0.8660254 -12.5000000  -0.3500942   0.9352244  -0.0528153
168  -0.8660254 -13.5000000  -0.4744027   0.8711258  -0.1268144
169   0.8660254 -12.5000000  -0.4848570   0.8632097  -0.1406511
170   0.8660254 -13.5000000  -0.4556123   0.8824353  -0.1171551
171   2.5980762 -12.5000000  -0.4540833   0.8909496  -0.0041509
172   2.5980762 -13.5000000  -0.4970362   0.8599163  -0.1161852
173   4.3301270 -12.5000000  -0.4855084   0.8670866   0.1115460
174   4.3301270 -13.5000000  -0.4266456   0.9034020   0.0428758
175   6.0621778 -12.5000000  -0.6558794   0.7529931   0.0531374
176   6.0621778 -13.5000000  -0.5403421   0.8411184  -0.0234568
177   7.7942286 -12.5000000  -0.3885647   0.9130677   0.1237937
178   7.7942286 -13.5000000  -0.4808989   0.8737186  -0.0731584
179   9.5262794 -12.5000000  -0.5125023   0.8575758   0.0436489
180  -7.7942286 -13.5000000  -0.5191286   0.8534969   0.0452609
181  -6.9282032 -14.0000000  -0.4383506   0.8984867   0.0238825
182  -6.9282032 -15.0000000  -0.5529392   0.8212268  -0.1408716
183  -5.1961524 -14.0000000  -0.3306969   0.9371507   0.1113018
184  -5.1961524 -15.0000000  -0.4490033   0.8929217  -0.0329683
185  -3.4641016 -14.0000000  -0.4803223   0.8726736   0.0879282
186  -3.4641016 -15.0000000  -0.4347664   0.8917969  -0.1252056
187  -1.7320508 -14.0000000  -0.5802486   0.8065773   0.1128917
188  -1.7320508 -15.0000000  -0.5974159   0.8019162   0.0049656
189  -0.0000000 -14.0000000  -0.5413301   0.8407200   0.0123137
190  -0.0000000 -15.0000000  -0.5490841   0.7971252  -0.2511933
191   1.7320508 -14.0000000  -0.4389148   0.8985280   0.0010849
192   1.7320508 -15.0000000  -0.4010960   0.9058663  -0.1361187
193   3.4641016 -14.0000000  -0.4915530   0.8660031   0.0917297
194   3.4641016 -15.0000000  -0.3945822   0.9065567  -0.1498660
195   5.1961524 -14.0000000  -0.4176439   0.9084321   0.0180227
196   5.1961524 -15.0000000  -0.4218976   0.9063475  -0.0231667
197   6.9282032 -14.0000000  -0.4654204   0.8850800  -0.0041464
198   6.9282032 -15.0000000  -0.5568172   0.8291544  -0.0495738
199   8.6602540 -14.0000000  -0.5461105   0.8372426   0.0280728
200  -8.6602540 -15.0000000  -0.4958960   0.8682712   0.0138644
