site number 	 x-coord 	 y-cord 	 sx 	 sy 	 sy
  1   0.8660254  -0.5000000  -0.7160017   0.6976793  -0.0241911
  2   0.8660254  -1.5000000  -0.5470918   0.8317633   0.0941290
  3   2.5980762  -0.5000000  -0.7413735   0.6710703  -0.0054674
  4   2.5980762  -1.5000000  -0.6636760   0.7234259   0.1902345
  5   4.3301270  -0.5000000  -0.6824160   0.7293999   0.0477923
  6   4.3301270  -1.5000000  -0.6469370   0.7617731   0.0342670
  7   6.0621778  -0.5000000  -0.7167015   0.6970663   0.0209176
  8   6.0621778  -1.5000000  -0.7772113   0.6268280   0.0550396
  9   7.7942286  -0.5000000  -0.6217671   0.7767120  -0.1006190
 10   7.7942286  -1.5000000  -0.6568204   0.7105776  -0.2523220
 11   9.5262794  -0.5000000  -0.7125883   0.7013824   0.0167536
 12   9.5262794  -1.5000000  -0.7126634   0.6996364  -0.0511846
 13  11.2583302  -0.5000000  -0.6559224   0.7542024  -0.0307336
 14  11.2583302  -1.5000000  -0.7386780   0.6736362  -0.0238565
 15  12.9903811  -0.5000000  -0.7330575   0.6618846  -0.1566381
 16  12.9903811  -1.5000000  -0.7949570   0.6001652  -0.0885725
 17  14.7224319  -0.5000000  -0.6580581   0.7529165  -0.0087376
 18  14.7224319  -1.5000000  -0.6736713   0.7316974  -0.1038551
 19  16.4544827  -0.5000000  -0.7039550   0.7071464  -0.0662680
 20  -0.8660254  -1.5000000  -0.6625373   0.7453257   0.0743906
 21  -0.0000000  -2.0000000  -0.6415246   0.7659212  -0.0425545
 22  -0.0000000  -3.0000000  -0.5810343   0.8108006  -0.0707217
 23   1.7320508  -2.0000000  -0.6359606   0.7604869   0.1312011
 24   1.7320508  -3.0000000  -0.6627965   0.7464304  -0.0595189
 25   3.4641016  -2.0000000  -0.7034973   0.7104319   0.0194437
 26   3.4641016  -3.0000000  -0.8013776   0.5936674   0.0731637
 27   5.1961524  -2.0000000  -0.7691850   0.6332815   0.0854928
 28   5.1961524  -3.0000000  -0.6767730   0.7204579  -0.1513892
 29   6.9282032  -2.0000000  -0.6205684   0.7820291   0.0576651
 30   6.9282032  -3.0000000  -0.6172134   0.7859492  -0.0364899
 31   8.6602540  -2.0000000  -0.6905662   0.7211176  -0.0557469
 32   8.6602540  -3.0000000  -0.6597544   0.7511237   0.0231798
 33  10.3923048  -2.0000000  -0.6816084   0.7317088   0.0034992
 34  10.3923048  -3.0000000  -0.6634279   0.7326991   0.1517083
 35  12.1243557  -2.0000000  -0.7323233   0.6800891  -0.0343714
 36  12.1243557  -3.0000000  -0.6182023   0.7807118   0.0911867
 37  13.8564065  -2.0000000  -0.6473285   0.7467186   0.1528956
 38  13.8564065  -3.0000000  -0.7271074   0.6792100   0.0999427
 39  15.5884573  -2.0000000  -0.6121055   0.7894917  -0.0450519
 40  -1.7320508  -3.0000000  -0.6486207   0.7606682  -0.0259827
 41  -0.8660254  -3.5000000  -0.5965290   0.7910944  -0.1353618
 42  -0.8660254  -4.5000000  -0.6376525   0.7689725   0.0456130
 43   0.8660254  -3.5000000  -0.5795880   0.8052812  -0.1248995
 44   0.8660254  -4.5000000  -0.5259314   0.8339202  -0.1672519
 45   2.5980762  -3.5000000  -0.7500833   0.6581323   0.0650912
 46   2.5980762  -4.5000000  -0.6878303   0.7203377   0.0894598
 47   4.3301270  -3.5000000  -0.6139062   0.7883074   0.0411160
 48   4.3301270  -4.5000000  -0.7204442   0.6904851  -0.0647338
 49   6.0621778  -3.5000000  -0.6475953   0.7602275  -0.0517155
 50   6.0621778  -4.5000000  -0.5755860   0.8174264  -0.0226905
 51   7.7942286  -3.5000000  -0.6331163   0.7589953  -0.1519535
 52   7.7942286  -4.5000000  -0.6214103   0.7782411  -0.0904983
 53   9.5262794  -3.5000000  -0.7037126   0.7036977   0.0979699
 54   9.5262794  -4.5000000  -0.7518376   0.6568645   0.0571772
 55  11.2583302  -3.5000000  -0.6831647   0.7204520   0.1193106
 56  11.2583302  -4.5000000  -0.5933463   0.8048714  -0.0110537
 57  12.9903811  -3.5000000  -0.6896052   0.7171919   0.1004015
 58  12.9903811  -4.5000000  -0.8219374   0.5598002   0.1050838
 59  14.7224319  -3.5000000  -0.6802798   0.7310039   0.0534097
 60  -2.5980762  -4.5000000  -0.6568430   0.7492045  -0.0851464
 61  -1.7320508  -5.0000000  -0.7110894   0.6979558   0.0849092
 62  -1.7320508  -6.0000000  -0.6757980   0.7359808   0.0403665
 63  -0.0000000  -5.0000000  -0.5832714   0.8118873  -0.0251712
 64  -0.0000000  -6.0000000  -0.5556007   0.8313939   0.0095975
 65   1.7320508  -5.0000000  -0.7128462   0.6991583  -0.0550263
 66   1.7320508  -6.0000000  -0.7486480   0.6591515  -0.0710311
 67   3.4641016  -5.0000000  -0.6099052   0.7764626   0.1584976
 68   3.4641016  -6.0000000  -0.6427739   0.7654889   0.0294702
 69   5.1961524  -5.0000000  -0.7192568   0.6945495   0.0164504
 70   5.1961524  -6.0000000  -0.7605809   0.6469061   0.0550377
 71   6.9282032  -5.0000000  -0.6061194   0.7854039  -0.1255384
 72   6.9282032  -6.0000000  -0.6099255   0.7908615  -0.0502882
 73   8.6602540  -5.0000000  -0.7475512   0.6636294  -0.0276253
 74   8.6602540  -6.0000000  -0.7530884   0.6554392  -0.0570726
 75  10.3923048  -5.0000000  -0.5635277   0.8181825   0.1140786
 76  10.3923048  -6.0000000  -0.6739216   0.7380213   0.0339741
 77  12.1243557  -5.0000000  -0.7185807   0.6915662  -0.0733347
 78  12.1243557  -6.0000000  -0.5765430   0.8170247   0.0082955
 79  13.8564065  -5.0000000  -0.6397901   0.7681886  -0.0235554
 80  -3.4641016  -6.0000000  -0.7115466   0.6992343  -0.0690852
 81  -2.5980762  -6.5000000  -0.7227831   0.6888894  -0.0549173
 82  -2.5980762  -7.5000000  -0.7231210   0.6886709  -0.0531826
 83  -0.8660254  -6.5000000  -0.5930639   0.8050117   0.0152132
 84  -0.8660254  -7.5000000  -0.5961870   0.8028443   0.0014616
 85   0.8660254  -6.5000000  -0.7545411   0.6191254   0.2176041
 86   0.8660254  -7.5000000  -0.7600711   0.6429423   0.0944307
 87   2.5980762  -6.5000000  -0.7235040   0.6895893   0.0317582
 88   2.5980762  -7.5000000  -0.7407152   0.6697747  -0.0523721
 89   4.3301270  -6.5000000  -0.7504853   0.6586688  -0.0541041
 90   4.3301270  -7.5000000  -0.6772653   0.7350352  -0.0321705
 91   6.0621778  -6.5000000  -0.7047225   0.7066965   0.0628199
 92   6.0621778  -7.5000000  -0.6776291   0.7353635  -0.0077023
 93   7.7942286  -6.5000000  -0.6658663   0.7457085   0.0232586
 94   7.7942286  -7.5000000  -0.4993194   0.8626529  -0.0806853
 95   9.5262794  -6.5000000  -0.6934684   0.7074095   0.1366505
 96   9.5262794  -7.5000000  -0.6608545   0.7455300   0.0863509
 97  11.2583302  -6.5000000  -0.7176791   0.6960719  -0.0205096
 98  11.2583302  -7.5000000  -0.6730191   0.7284362   0.1281636
 99  12.9903811  -6.5000000  -0.7503683   0.6607623   0.0184522
100  -4.3301270  -7.5000000  -0.6918255   0.7209210  -0.0406243
101  -3.4641016  -8.0000000  -0.6605526   0.7494342  -0.0449292
102  -3.4641016  -9.0000000  -0.6244741   0.7809525  -0.0120548
103  -1.7320508  -8.0000000  -0.5749586   0.8179048  -0.0213151
104  -1.7320508  -9.0000000  -0.6431123   0.7651526   0.0307899
105  -0.0000000  -8.0000000  -0.6557583   0.7514011   0.0733308
106  -0.0000000  -9.0000000  -0.6321637   0.7747553  -0.0111068
107   1.7320508  -8.0000000  -0.7165826   0.6972715   0.0179400
108   1.7320508  -9.0000000  -0.6922366   0.7186371   0.0660994
109   3.4641016  -8.0000000  -0.5934291   0.8046365  -0.0200505
110   3.4641016  -9.0000000  -0.6552698   0.7547548  -0.0310926
111   5.1961524  -8.0000000  -0.5612077   0.8255283   0.0595732
112   5.1961524  -9.0000000  -0.6643470   0.7463375   0.0402914
113   6.9282032  -8.0000000  -0.5911257   0.8043275   0.0602302
114   6.9282032  -9.0000000  -0.6146124   0.7881694   0.0322582
115   8.6602540  -8.0000000  -0.6626512   0.7416063  -0.1044678
116   8.6602540  -9.0000000  -0.6837009   0.7247610  -0.0852909
117  10.3923048  -8.0000000  -0.6461977   0.7629196  -0.0195503
118  10.3923048  -9.0000000  -0.5872794   0.7911831  -0.1706815
119  12.1243557  -8.0000000  -0.6605077   0.7490454   0.0515803
120  -5.1961524  -9.0000000  -0.6359946   0.7636248   0.1113014
121  -4.3301270  -9.5000000  -0.6784360   0.7253802   0.1163965
122  -4.3301270 -10.5000000  -0.6436227   0.7603412  -0.0873560
123  -2.5980762  -9.5000000  -0.7104206   0.6926915   0.1244229
124  -2.5980762 -10.5000000  -0.5947627   0.7907702   0.1447061
125  -0.8660254  -9.5000000  -0.6187547   0.7855843   0.0000888
126  -0.8660254 -10.5000000  -0.6143878   0.7884916   0.0284354
127   0.8660254  -9.5000000  -0.7138054   0.6955130   0.0821184
128   0.8660254 -10.5000000  -0.6647474   0.7461376   0.0372761
129   2.5980762  -9.5000000  -0.6535862   0.7565018  -0.0230248
130   2.5980762 -10.5000000  -0.7347750   0.6765118   0.0493717
131   4.3301270  -9.5000000  -0.6759819   0.7344395   0.0603917
132   4.3301270 -10.5000000  -0.6734155   0.7286919   0.1245781
133   6.0621778  -9.5000000  -0.6256432   0.7797921   0.0222477
134   6.0621778 -10.5000000  -0.5837865   0.8114769  -0.0264318
135   7.7942286  -9.5000000  -0.6922774   0.7210297   0.0294630
136   7.7942286 -10.5000000  -0.6290538   0.7769009  -0.0267649
137   9.5262794  -9.5000000  -0.5004652   0.8617916  -0.0827630
138   9.5262794 -10.5000000  -0.6009083   0.7826491  -0.1623874
139  11.2583302  -9.5000000  -0.6316098   0.7750770  -0.0180195
140  -6.0621778 -10.5000000  -0.6002560   0.7997013  -0.0130630
141  -5.1961524 -11.0000000  -0.5302251   0.8477554   0.0131180
142  -5.1961524 -12.0000000  -0.7050268   0.7088502  -0.0216479
143  -3.4641016 -11.0000000  -0.7094309   0.7047749   0.0003368
144  -3.4641016 -12.0000000  -0.6201328   0.7820102  -0.0624127
145  -1.7320508 -11.0000000  -0.5324251   0.8434169   0.0719125
146  -1.7320508 -12.0000000  -0.7211779   0.6927499   0.0000852
147  -0.0000000 -11.0000000  -0.5729261   0.8111734   0.1172751
148  -0.0000000 -12.0000000  -0.6133464   0.7890316   0.0351470
149   1.7320508 -11.0000000  -0.6662496   0.7392729   0.0979137
150   1.7320508 -12.0000000  -0.7204131   0.6849348   0.1089461
151   3.4641016 -11.0000000  -0.6591712   0.7489827   0.0672178
152   3.4641016 -12.0000000  -0.6764009   0.7279169   0.1123336
153   5.1961524 -11.0000000  -0.6150138   0.7878709   0.0318968
154   5.1961524 -12.0000000  -0.7656814   0.6425203   0.0299941
155   6.9282032 -11.0000000  -0.6675217   0.7445110  -0.0108699
156   6.9282032 -12.0000000  -0.6131567   0.7831779  -0.1033013
157   8.6602540 -11.0000000  -0.5728655   0.8187631   0.0381048
158   8.6602540 -12.0000000  -0.6153855   0.7868077  -0.0472686
159  10.3923048 -11.0000000  -0.6122271   0.7886373  -0.0568259
160  -6.9282032 -12.0000000  -0.5867236   0.7904216  -0.1760374
161  -6.0621778 -12.5000000  -0.6897024   0.7155770  -0.1107257
162  -6.0621778 -13.5000000  -0.6130659   0.7818476  -0.1134219
163  -4.3301270 -12.5000000  -0.7170282   0.6969810  -0.0093801
164  -4.3301270 -13.5000000  -0.7335975   0.6789463  -0.0294385
165  -2.5980762 -12.5000000  -0.6828570   0.7275162  -0.0665314
166  -2.5980762 -13.5000000  -0.5716028   0.8200984  -0.0266233
167  -0.8660254 -12.5000000  -0.6520706   0.7512843  -0.1018620
168  -0.8660254 -13.5000000  -0.6203267   0.7792778  -0.0889991
169   0.8660254 -12.5000000  -0.6924224   0.7207302   0.0331541
170   0.8660254 -13.5000000  -0.6680241   0.7152937   0.2051797
171   2.5980762 -12.5000000  -0.6652874   0.7400246   0.0987738
172   2.5980762 -13.5000000  -0.6098599   0.7880008   0.0844133
173   4.3301270 -12.5000000  -0.7845485   0.6018418   0.1492320
174   4.3301270 -13.5000000  -0.7063162   0.7056995   0.0557277
175   6.0621778 -12.5000000  -0.5966688   0.8021151  -0.0244474
176   6.0621778 -13.5000000  -0.5885709   0.8083749  -0.0106927
177   7.7942286 -12.5000000  -0.7471500   0.6626000  -0.0522319
178   7.7942286 -13.5000000  -0.6730084   0.7383955  -0.0427993
179   9.5262794 -12.5000000  -0.6557817   0.7548910  -0.0094844
180  -7.7942286 -13.5000000  -0.6669854   0.7449374  -0.0140960
181  -6.9282032 -14.0000000  -0.7367673   0.6751323   0.0370174
182  -6.9282032 -15.0000000  -0.7163736   0.6928659  -0.0821320
183  -5.1961524 -14.0000000  -0.6949332   0.7153887   0.0727099
184  -5.1961524 -15.0000000  -0.7105811   0.7032664   0.0221561
185  -3.4641016 -14.0000000  -0.6279893   0.7741706  -0.0793054
186  -3.4641016 -15.0000000  -0.5380332   0.8414440  -0.0499232
187  -1.7320508 -14.0000000  -0.6673078   0.7447698  -0.0042676
188  -1.7320508 -15.0000000  -0.7187776   0.6946857   0.0277571
189  -0.0000000 -14.0000000  -0.7611526   0.6479949   0.0273730
190  -0.0000000 -15.0000000  -0.6365857   0.7708945   0.0219158
191   1.7320508 -14.0000000  -0.6755566   0.7312495  -0.0943258
192   1.7320508 -15.0000000  -0.6554271   0.7541856  -0.0402415
193   3.4641016 -14.0000000  -0.5567933   0.8304300  -0.0191623
194   3.4641016 -15.0000000  -0.6690378   0.7290710  -0.1443742
195   5.1961524 -14.0000000  -0.6413800   0.7670078  -0.0181896
196   5.1961524 -15.0000000  -0.5378432   0.8401078   0.0703109
197   6.9282032 -14.0000000  -0.6184876   0.7857937  -0.0011593
198   6.9282032 -15.0000000  -0.7338072   0.6713743  -0.1038436
199   8.6602540 -14.0000000  -0.6952639   0.7133414   0.0880464
200  -8.6602540 -15.0000000  -0.6160683   0.7876492   0.0082856
