theta 	 tau 	 mag_planar (x-dirn) 	 mag_perp (z-dirn)
  0.00      0.0002622      0.0214358      0.0001345     -0.0002622      0.0001335
  0.03      0.0006096      0.0216031      0.0001341      0.0000690      0.0001344
  0.06      0.0005129      0.0212440      0.0001343      0.0008226      0.0001340
  0.09      0.0006722      0.0213963      0.0001345      0.0013474      0.0001337
  0.13      0.0004696      0.0213350      0.0001344      0.0022219      0.0001340
  0.16      0.0001948      0.0214744      0.0001344      0.0032040      0.0001353
  0.19      0.0002602      0.0207750      0.0001345      0.0036982      0.0001339
  0.22     -0.0000758      0.0204914      0.0001342      0.0046580      0.0001350
  0.25      0.0002241      0.0207381      0.0001340      0.0050933      0.0001336
  0.28      0.0006672      0.0203755      0.0001338      0.0052248      0.0001341
  0.31      0.0004372      0.0201497      0.0001346      0.0060874      0.0001344
  0.35     -0.0000510      0.0200471      0.0001342      0.0072716      0.0001348
  0.38      0.0003217      0.0195715      0.0001339      0.0074029      0.0001343
  0.41      0.0006458      0.0195057      0.0001338      0.0077372      0.0001340
  0.44      0.0003052      0.0192225      0.0001340      0.0087082      0.0001339
  0.47      0.0001373      0.0187662      0.0001340      0.0094077      0.0001339
  0.50     -0.0002804      0.0185661      0.0001346      0.0105268      0.0001342
  0.53     -0.0000569      0.0180524      0.0001343      0.0107423      0.0001343
  0.57      0.0003253      0.0177412      0.0001341      0.0108736      0.0001351
  0.60      0.0002630      0.0177158      0.0001341      0.0117216      0.0001343
  0.63      0.0001251      0.0167595      0.0001344      0.0120219      0.0001343
  0.66      0.0003530      0.0169709      0.0001343      0.0127172      0.0001349
  0.69      0.0005199      0.0162116      0.0001339      0.0127367      0.0001342
  0.72      0.0001155      0.0157634      0.0001338      0.0137433      0.0001335
  0.75     -0.0000108      0.0153534      0.0001343      0.0144326      0.0001341
  0.79     -0.0001900      0.0147291      0.0001345      0.0149979      0.0001339
  0.82     -0.0001294      0.0143926      0.0001340      0.0155156      0.0001339
  0.85      0.0001553      0.0137774      0.0001340      0.0153926      0.0001341
  0.88     -0.0002863      0.0129281      0.0001342      0.0160766      0.0001343
  0.91      0.0000191      0.0129593      0.0001341      0.0166758      0.0001347
  0.94     -0.0001946      0.0122191      0.0001346      0.0171492      0.0001341
  0.97     -0.0000389      0.0117362      0.0001344      0.0173385      0.0001336
  1.01     -0.0001626      0.0109645      0.0001339      0.0175806      0.0001340
  1.04     -0.0002038      0.0104554      0.0001341      0.0180793      0.0001337
  1.07     -0.0002330      0.0100281      0.0001342      0.0187248      0.0001341
  1.10      0.0000605      0.0097243      0.0001337      0.0189517      0.0001347
  1.13     -0.0006065      0.0084315      0.0001343      0.0193422      0.0001339
  1.16      0.0002531      0.0086084      0.0001342      0.0192555      0.0001345
  1.19     -0.0001169      0.0076474      0.0001337      0.0196327      0.0001344
  1.23     -0.0001696      0.0069514      0.0001337      0.0198090      0.0001340
  1.26     -0.0005971      0.0059457      0.0001340      0.0202312      0.0001338
  1.29     -0.0003733      0.0054337      0.0001344      0.0200410      0.0001339
  1.32     -0.0004812      0.0047438      0.0001339      0.0204110      0.0001339
  1.35     -0.0002940      0.0042630      0.0001338      0.0204193      0.0001343
  1.38     -0.0003098      0.0037526      0.0001347      0.0213251      0.0001339
  1.41     -0.0005501      0.0027811      0.0001342      0.0210758      0.0001335
  1.45     -0.0003995      0.0022557      0.0001344      0.0210432      0.0001341
  1.48     -0.0000245      0.0019575      0.0001339      0.0209687      0.0001341
  1.51      0.0000604      0.0014079      0.0001344      0.0214161      0.0001343
  1.54     -0.0001389      0.0005285      0.0001349      0.0212391      0.0001343
  1.57     -0.0002118     -0.0002118      0.0001344      0.0217194      0.0001332
  1.60     -0.0004895     -0.0011595      0.0001338      0.0213126      0.0001341
  1.63     -0.0005460     -0.0019091      0.0001344      0.0216490      0.0001341
  1.67     -0.0004971     -0.0025258      0.0001344      0.0214381      0.0001339
  1.70     -0.0005421     -0.0032409      0.0001339      0.0213293      0.0001342
  1.73     -0.0001658     -0.0034885      0.0001344      0.0209658      0.0001335
  1.76     -0.0003592     -0.0043738      0.0001343      0.0210113      0.0001343
  1.79     -0.0004806     -0.0051822      0.0001338      0.0209804      0.0001342
  1.82     -0.0006249     -0.0059754      0.0001341      0.0207600      0.0001342
  1.85     -0.0005041     -0.0065738      0.0001346      0.0208205      0.0001340
  1.88     -0.0002790     -0.0070092      0.0001345      0.0206693      0.0001350
  1.92     -0.0004765     -0.0078218      0.0001334      0.0203191      0.0001342
  1.95     -0.0002689     -0.0083608      0.0001344      0.0203866      0.0001343
  1.98     -0.0001992     -0.0089092      0.0001346      0.0200864      0.0001339
  2.01     -0.0007688     -0.0097734      0.0001348      0.0189638      0.0001339
  2.04     -0.0006285     -0.0102311      0.0001336      0.0186954      0.0001341
  2.07     -0.0000453     -0.0105624      0.0001342      0.0191188      0.0001345
  2.10     -0.0003709     -0.0114083      0.0001344      0.0185617      0.0001339
  2.14     -0.0001359     -0.0118821      0.0001342      0.0184695      0.0001342
  2.17     -0.0002404     -0.0124237      0.0001330      0.0178532      0.0001341
  2.20     -0.0004653     -0.0131962      0.0001341      0.0173714      0.0001343
  2.23     -0.0001803     -0.0133057      0.0001342      0.0168595      0.0001343
  2.26     -0.0001154     -0.0138266      0.0001349      0.0165324      0.0001342
  2.29     -0.0001136     -0.0144495      0.0001343      0.0162180      0.0001338
  2.32     -0.0002333     -0.0149942      0.0001348      0.0156264      0.0001349
  2.36     -0.0001195     -0.0154833      0.0001348      0.0153143      0.0001344
  2.39     -0.0001569     -0.0160931      0.0001338      0.0148971      0.0001343
  2.42      0.0001167     -0.0164442      0.0001338      0.0146532      0.0001336
  2.45     -0.0002817     -0.0170478      0.0001333      0.0137375      0.0001343
  2.48     -0.0000450     -0.0176026      0.0001337      0.0135971      0.0001347
  2.51      0.0000258     -0.0174899      0.0001336      0.0127391      0.0001339
  2.54      0.0004112     -0.0179273      0.0001339      0.0126805      0.0001334
  2.58      0.0001225     -0.0179425      0.0001347      0.0115318      0.0001342
  2.61      0.0002181     -0.0187407      0.0001335      0.0113366      0.0001346
  2.64      0.0003885     -0.0184410      0.0001343      0.0105814      0.0001343
  2.67      0.0002940     -0.0190848      0.0001343      0.0100542      0.0001343
  2.70      0.0001426     -0.0192775      0.0001337      0.0092290      0.0001336
  2.73      0.0006413     -0.0198709      0.0001337      0.0092976      0.0001342
  2.76     -0.0001687     -0.0206767      0.0001342      0.0080050      0.0001340
  2.80      0.0000853     -0.0205883      0.0001343      0.0075030      0.0001341
  2.83      0.0001477     -0.0203069      0.0001344      0.0067534      0.0001336
  2.86      0.0007056     -0.0207291      0.0001340      0.0067571      0.0001341
  2.89      0.0002671     -0.0210032      0.0001343      0.0056685      0.0001341
  2.92      0.0002925     -0.0207224      0.0001340      0.0049317      0.0001334
  2.95      0.0002888     -0.0210104      0.0001342      0.0043019      0.0001339
  2.98      0.0003531     -0.0211534      0.0001344      0.0037079      0.0001345
  3.02      0.0004722     -0.0209607      0.0001343      0.0031239      0.0001345
  3.05      0.0003973     -0.0213697      0.0001344      0.0024191      0.0001340
  3.08      0.0001871     -0.0212264      0.0001337      0.0015229      0.0001341
  3.11      0.0002341     -0.0214741      0.0001341      0.0009091      0.0001343
  3.14      0.0004776     -0.0217154      0.0001343      0.0004776      0.0001346
-----------------------------------------------------------------------------------------
Jvals: 
-60
0 
0
0 
0 
30
0 
30
0
0 
0 
30
0 
-60
0
30
0 
0
0 
30
0
30
0 
0
0 
0 
-60

beta =0.1, hx = 30 cos theta, hy = 30 sin theta, hz=0
