theta 	 taux 	 tauy 	  tauz  	 tau_perp 	  mx error	 my error 	 mz error
0.0000  -0.0003112   0.0003112   0.0012494  -0.0004165   0.0000144   0.0000143   0.0000219
0.0314  -0.0138468  -0.0116309   0.0158686  -0.0222747   0.0000137   0.0000135   0.0000215
0.0628  -0.0261154  -0.0248086   0.0282831  -0.0433770   0.0000151   0.0000145   0.0000240
0.0942  -0.0391139  -0.0371837   0.0422805  -0.0649585   0.0000139   0.0000132   0.0000230
0.1257  -0.0516823  -0.0498672   0.0542061  -0.0857684   0.0000164   0.0000149   0.0000271
0.1571  -0.0664669  -0.0602087   0.0689179  -0.1074230   0.0000135   0.0000119   0.0000209
0.1885  -0.0806019  -0.0710025   0.0826582  -0.1286223   0.0000175   0.0000150   0.0000251
0.2199  -0.0924954  -0.0838009   0.0947347  -0.1491091   0.0000148   0.0000124   0.0000242
0.2513  -0.1075712  -0.0932124   0.1087672  -0.1701115   0.0000165   0.0000135   0.0000238
0.2827  -0.1211336  -0.1037892   0.1212571  -0.1903676   0.0000162   0.0000128   0.0000233
0.3142  -0.1358481  -0.1129235   0.1352490  -0.2109307   0.0000168   0.0000130   0.0000242
0.3456  -0.1510994  -0.1211436   0.1479776  -0.2308212   0.0000168   0.0000130   0.0000246
0.3770  -0.1650612  -0.1303314   0.1623306  -0.2510386   0.0000182   0.0000137   0.0000245
0.4084  -0.1798348  -0.1381710   0.1747365  -0.2702494   0.0000164   0.0000118   0.0000245
0.4398  -0.1943681  -0.1457431   0.1862831  -0.2888351   0.0000175   0.0000123   0.0000242
0.4712  -0.2097163  -0.1521446   0.2006424  -0.3081214   0.0000185   0.0000126   0.0000241
0.5027  -0.2237501  -0.1591096   0.2115044  -0.3257413   0.0000154   0.0000099   0.0000200
0.5341  -0.2388464  -0.1646146   0.2250322  -0.3439847   0.0000179   0.0000111   0.0000290
0.5655  -0.2535084  -0.1697959   0.2364952  -0.3610346   0.0000172   0.0000104   0.0000226
0.5969  -0.2688230  -0.1738284   0.2495524  -0.3782851   0.0000168   0.0000100   0.0000250
0.6283  -0.2833009  -0.1778887   0.2614965  -0.3946252   0.0000195   0.0000108   0.0000266
0.6597  -0.2983886  -0.1804903   0.2723438  -0.4100339   0.0000167   0.0000094   0.0000210
0.6912  -0.3138043  -0.1823761   0.2854068  -0.4259225   0.0000202   0.0000105   0.0000275
0.7226  -0.3284892  -0.1837497   0.2961281  -0.4402020   0.0000196   0.0000100   0.0000251
0.7540  -0.3431198  -0.1846611   0.3080584  -0.4545401   0.0000198   0.0000098   0.0000292
0.7854  -0.3585669  -0.1830034   0.3158620  -0.4663343   0.0000211   0.0000098   0.0000270
0.8168  -0.3734978  -0.1813953   0.3261215  -0.4786359   0.0000202   0.0000091   0.0000232
0.8482  -0.3881609  -0.1798546   0.3388731  -0.4916347   0.0000211   0.0000092   0.0000243
0.8796  -0.4033345  -0.1757891   0.3478119  -0.5020197   0.0000205   0.0000080   0.0000277
0.9111  -0.4182710  -0.1711123   0.3576549  -0.5121405   0.0000243   0.0000089   0.0000305
0.9425  -0.4341160  -0.1632395   0.3638251  -0.5195120   0.0000244   0.0000082   0.0000279
0.9739  -0.4491069  -0.1564809   0.3738665  -0.5283474   0.0000254   0.0000080   0.0000334
1.0053  -0.4647625  -0.1467250   0.3810030  -0.5346593   0.0000283   0.0000080   0.0000322
1.0367  -0.4803671  -0.1357343   0.3878595  -0.5400208   0.0000260   0.0000068   0.0000294
1.0681  -0.4974967  -0.1196842   0.3906208  -0.5416609   0.0000294   0.0000071   0.0000299
1.0996  -0.5133696  -0.1049528   0.3963617  -0.5443355   0.0000272   0.0000060   0.0000258
1.1310  -0.5308823  -0.0847069   0.3977948  -0.5429910   0.0000256   0.0000048   0.0000300
1.1624  -0.5481406  -0.0628241   0.3988963  -0.5402752   0.0000334   0.0000055   0.0000288
1.1938  -0.5652401  -0.0394098   0.4001446  -0.5364815   0.0000319   0.0000052   0.0000301
1.2252  -0.5821137  -0.0141056   0.4005081  -0.5309822   0.0000399   0.0000052   0.0000307
1.2566  -0.6017809   0.0241208   0.3898429  -0.5150543   0.0000390   0.0000066   0.0000355
1.2881  -0.6203279   0.0615032   0.3820219  -0.4998904   0.0000382   0.0000066   0.0000289
1.3195  -0.6384582   0.1049189   0.3689017  -0.4786601   0.0000382   0.0000084   0.0000286
1.3509  -0.6552465   0.1507355   0.3540629  -0.4543616   0.0000431   0.0000128   0.0000337
1.3823  -0.6718002   0.2110884   0.3253574  -0.4155937   0.0000415   0.0000167   0.0000331
1.4137  -0.6850183   0.2770368   0.2900302  -0.3686643   0.0000495   0.0000194   0.0000279
1.4451  -0.6933396   0.3422501   0.2531305  -0.3184365   0.0000624   0.0000320   0.0000331
1.4765  -0.6948690   0.4167134   0.2021010  -0.2528040   0.0000442   0.0000294   0.0000286
1.5080  -0.6861534   0.4945551   0.1394709  -0.1742225   0.0000621   0.0000430   0.0000228
1.5394  -0.6673740   0.5661445   0.0747387  -0.0923992   0.0000541   0.0000457   0.0000201
1.5708  -0.6384924   0.6297922   0.0087002  -0.0087002   0.0000580   0.0000550   0.0000189
1.6022  -0.5879595   0.6876350  -0.0731976   0.0908495   0.0000748   0.0000860   0.0000196
1.6336  -0.5390187   0.7274896  -0.1364153   0.1711190   0.0000426   0.0000587   0.0000232
1.6650  -0.4758250   0.7546832  -0.2030658   0.2535940   0.0000354   0.0000552   0.0000251
1.6965  -0.4209290   0.7674459  -0.2486808   0.3139048   0.0000240   0.0000424   0.0000246
1.7279  -0.3610062   0.7694260  -0.2908637   0.3692345   0.0000215   0.0000438   0.0000309
1.7593  -0.3083669   0.7652892  -0.3218140   0.4118862   0.0000176   0.0000444   0.0000327
1.7907  -0.2592251   0.7559313  -0.3458329   0.4464152   0.0000111   0.0000361   0.0000258
1.8221  -0.2107935   0.7404583  -0.3649553   0.4747616   0.0000083   0.0000344   0.0000276
1.8535  -0.1669455   0.7236554  -0.3802675   0.4978958   0.0000097   0.0000436   0.0000366
1.8850  -0.1339658   0.7078668  -0.3858108   0.5112043   0.0000061   0.0000349   0.0000303
1.9164  -0.0914160   0.6838717  -0.3960635   0.5269916   0.0000060   0.0000365   0.0000342
1.9478  -0.0595673   0.6631175  -0.3992265   0.5354423   0.0000055   0.0000353   0.0000323
1.9792  -0.0384727   0.6471083  -0.3962307   0.5378339   0.0000054   0.0000299   0.0000306
2.0106  -0.0092627   0.6240580  -0.3973547   0.5423151   0.0000059   0.0000274   0.0000254
2.0420   0.0096063   0.6061079  -0.3925948   0.5413410   0.0000066   0.0000267   0.0000250
2.0735   0.0319052   0.5834950  -0.3877890   0.5395298   0.0000065   0.0000251   0.0000268
2.1049   0.0465569   0.5664673  -0.3826165   0.5362217   0.0000077   0.0000282   0.0000273
2.1363   0.0650448   0.5442216  -0.3768561   0.5317963   0.0000079   0.0000276   0.0000278
2.1677   0.0828841   0.5217773  -0.3723120   0.5272116   0.0000074   0.0000218   0.0000235
2.1991   0.0926227   0.5040546  -0.3629488   0.5187679   0.0000084   0.0000252   0.0000273
2.2305   0.1049744   0.4831425  -0.3547532   0.5103289   0.0000083   0.0000234   0.0000271
2.2619   0.1140539   0.4642718  -0.3462062   0.5009525   0.0000085   0.0000200   0.0000203
2.2934   0.1194865   0.4471290  -0.3350622   0.4894311   0.0000089   0.0000211   0.0000240
3.3248   0.1286387   0.4260755  -0.3264972   0.4786419   0.0000087   0.0000197   0.0000237
2.3562   0.1323363   0.4087722  -0.3150358   0.4657510   0.0000094   0.0000203   0.0000255
2.3876   0.1359189   0.3909323  -0.3048485   0.4528503   0.0000087   0.0000180   0.0000224
2.4190   0.1394254   0.3721078  -0.2933966   0.4388210   0.0000104   0.0000204   0.0000255
2.4504   0.1427042   0.3527997  -0.2828650   0.4246243   0.0000100   0.0000188   0.0000243
2.4819   0.1434002   0.3350888  -0.2710689   0.4093490   0.0000098   0.0000175   0.0000235
2.5133   0.1476715   0.3135340  -0.2624486   0.3949532   0.0000087   0.0000150   0.0000239
2.5447   0.1461326   0.2964020  -0.2493808   0.3781500   0.0000111   0.0000184   0.0000230
2.5761   0.1436424   0.2796502  -0.2375132   0.3613661   0.0000102   0.0000164   0.0000227
2.6075   0.1405868   0.2626914  -0.2242240   0.3435935   0.0000103   0.0000165   0.0000251
2.6389   0.1337255   0.2488634  -0.2096928   0.3249569   0.0000116   0.0000181   0.0000201
2.6704   0.1337999   0.2278738  -0.1987866   0.3073780   0.0000121   0.0000180   0.0000234
2.7018   0.1268147   0.2131559  -0.1851457   0.2883623   0.0000122   0.0000177   0.0000252
2.7332   0.1219509   0.1959356  -0.1732004   0.2696578   0.0000124   0.0000178   0.0000278
2.7646   0.1164998   0.1787849  -0.1607488   0.2504394   0.0000109   0.0000148   0.0000224
2.7960   0.1085051   0.1636993  -0.1479489   0.2307859   0.0000125   0.0000166   0.0000232
2.8274   0.1019958   0.1467603  -0.1346440   0.2107187   0.0000122   0.0000157   0.0000222
2.8588   0.0927019   0.1321556  -0.1195843   0.1897665   0.0000128   0.0000161   0.0000211
2.8903   0.0853253   0.1154075  -0.1077801   0.1697486   0.0000122   0.0000148   0.0000236
2.9217   0.0741201   0.1021427  -0.0934989   0.1486748   0.0000136   0.0000160   0.0000224
2.9531   0.0677055   0.0838864  -0.0815040   0.1282293   0.0000124   0.0000146   0.0000217
2.9845   0.0576240   0.0690316  -0.0677237   0.1070116   0.0000126   0.0000141   0.0000225
3.0159   0.0445204   0.0570101  -0.0524897   0.0851835   0.0000127   0.0000140   0.0000245
3.0473   0.0334228   0.0428633  -0.0391179   0.0638967   0.0000146   0.0000157   0.0000236
3.0788   0.0243856   0.0265310  -0.0268333   0.0428889   0.0000124   0.0000132   0.0000204
3.1102   0.0114365   0.0140418  -0.0133738   0.0214435   0.0000131   0.0000136   0.0000223
3.1416  -0.0001978   0.0001978   0.0005453  -0.0001818   0.0000144   0.0000145   0.0000233
hmag =50.0000000         beta = 1.0000000        K =-60.0000000          G=30.0000000
cooled once

