theta    taux    tauy     tauz           tau_perp         mx error       my error        mz error
0.0000  -0.0005072   0.0005072   0.0002255  -0.0000752   0.0000080   0.0000080   0.0000124
0.0314  -0.0133384  -0.0121398   0.0152901  -0.0220822   0.0000085   0.0000083   0.0000149
0.0628  -0.0255812  -0.0253389   0.0276986  -0.0431796   0.0000082   0.0000078   0.0000114
0.0942  -0.0390841  -0.0372091   0.0418227  -0.0648031   0.0000089   0.0000083   0.0000145
0.1257  -0.0522953  -0.0492500   0.0543553  -0.0858154   0.0000089   0.0000081   0.0000141
0.1571  -0.0649463  -0.0617116   0.0677284  -0.1070148   0.0000090   0.0000079   0.0000148
0.1885  -0.0790698  -0.0725233   0.0815144  -0.1282335   0.0000088   0.0000075   0.0000140
0.2199  -0.0933387  -0.0829799   0.0951622  -0.1492665   0.0000085   0.0000072   0.0000128
0.2513  -0.1074488  -0.0933106   0.1080174  -0.1698454   0.0000101   0.0000084   0.0000143
0.2827  -0.1213655  -0.1035658   0.1214014  -0.1904213   0.0000099   0.0000078   0.0000161
0.3142  -0.1362374  -0.1125784   0.1360635  -0.2112317   0.0000095   0.0000073   0.0000128
0.3456  -0.1503875  -0.1218422   0.1474701  -0.2306431   0.0000093   0.0000071   0.0000141
0.3770  -0.1651380  -0.1302129   0.1615527  -0.2507515   0.0000099   0.0000073   0.0000149
0.4084  -0.1797638  -0.1382222   0.1745330  -0.2701683   0.0000101   0.0000073   0.0000133
0.4398  -0.1945377  -0.1456369   0.1873754  -0.2892415   0.0000097   0.0000067   0.0000142
0.4712  -0.2089582  -0.1528105   0.1993294  -0.3076223   0.0000108   0.0000074   0.0000147
0.5027  -0.2238922  -0.1590517   0.2127717  -0.3262198   0.0000111   0.0000073   0.0000141

